1	110	842
2	60	798
3	170	777
4	118	861
5	157	894
6	127	975
7	177	1043
8	247	865
9	176	718
10	217	692
11	95	1155
12	236	1018
13	201	2036
14	160	1950
15	223	2137
16	304	1963
17	204	1272
18	153	1389
19	302	1307
20	210	1729
21	188	1652
22	251	1858
23	302	1714
24	251	579
25	259	715
26	195	2184
27	266	2152
28	225	2338
29	220	2452
30	286	2318
31	235	1440
32	280	1563
33	283	901
34	355	1130
35	279	1870
36	361	644
37	352	1809
38	411	1575
39	343	907
40	296	2543
41	388	2408
42	442	2568
43	377	1291
44	396	1987
45	456	770
46	409	1056
47	361	1747
48	502	1892
49	394	1272
50	360	2375
51	423	2261
52	388	585
53	443	1677
54	368	498
55	509	419
56	430	1437
57	476	597
58	429	2423
59	520	1286
60	521	1021
61	445	1607
62	556	2357
63	476	2492
64	532	2657
65	503	1717
66	519	1575
67	450	2157
68	547	2082
69	468	2213
70	475	778
71	595	2311
72	493	849
73	549	718
74	614	563
75	589	2469
76	486	1969
77	569	1835
78	550	1400
79	560	1240
80	600	1109
81	690	2098
82	672	721
83	591	1836
84	653	1779
85	735	2336
86	679	1101
87	717	614
88	624	1562
89	676	1469
90	682	1665
91	652	1422
92	747	1365
93	778	1757
94	766	1492
95	792	971
96	720	1191
97	775	1676
98	742	2037
99	700	2156
100	790	546
101	736	653
102	709	1225
103	837	1193
104	734	2495
105	758	2457
106	758	2582
107	771	2293
108	811	672
109	889	2066
110	792	1387
111	863	2591
112	803	1428
113	830	1597
114	866	2276
115	833	823
116	895	1061
117	843	1341
118	887	560
119	825	718
120	962	1581
121	949	845
122	923	1122
123	914	1381
124	955	2525
125	902	2215
126	978	2394
127	933	526
128	921	1943
129	896	1414
130	1005	2199
131	953	1373
132	1002	1141
133	947	448
134	1054	525
135	1014	1269
136	1072	1461
137	992	2600
138	960	1881
139	982	1879
140	1015	1670
141	1040	2350
142	1036	1803
143	1065	1976
144	1025	1099
145	1041	1203
146	1000	2088
147	1036	2265
148	1119	1649
149	1164	1806
150	1039	990
151	1188	1059
152	1114	2380
153	1110	1217
154	1196	2000
155	1180	1460
156	1100	446
157	1166	432
158	1203	2316
159	1205	2507
160	1199	1578
161	1226	1718
162	1222	1409
163	1250	1617
164	1236	2198
165	1288	2343
166	1310	2407
167	1213	1292
168	1247	1257
169	1220	1800
170	1287	1866
171	1240	1704
172	1255	2124
173	1327	2271
174	1352	1738
175	1324	1250
176	1358	1547
177	1263	1987
178	1302	2019
179	1276	472
180	1325	412
181	1300	507
182	1362	1850
183	1412	1940
184	1396	2432
185	1410	1153
186	1370	1325
187	1445	2207
188	1364	1462
189	1440	1598
190	1347	1043
191	1457	1148
192	1412	1412
193	1483	1449
194	1540	1933
195	1423	624
196	1413	691
197	1504	553
198	1440	734
199	1530	740
200	1469	2086
201	1502	2227
202	1480	1699
203	1485	1703
204	1528	1813
205	1567	1678
206	1552	2183
207	1530	2282
208	1653	569
209	1511	2402
210	1525	2416
211	1613	2551
212	1584	2389
213	1548	1941
214	1554	2062
215	1632	1936
216	1579	2086
217	1699	2254
218	1689	2039
219	1602	798
220	1686	703
221	1598	857
222	1599	2608
223	1736	2600
224	1631	1462
225	1680	1382
226	1664	1568
227	1683	1890
228	1643	983
229	1718	1011
230	1645	1619
231	1750	1766
232	1813	1586
233	1730	2055
234	1697	2361
235	1747	2502
236	1756	2197
237	1711	597
238	1831	524
239	1835	927
240	1745	1126
241	1791	2544
242	1864	1775
243	1764	1344
244	1797	1247
245	1871	1443
246	1768	1165
247	1876	1144
248	1864	2464
249	1883	1224
250	1819	1615
251	1892	1484
252	1824	2203
253	1848	2153
254	1853	2278
255	1891	864
256	1867	990
257	1945	2094
258	1896	1797
259	1981	1284
260	1996	1453
261	1873	1903
262	1999	1809
263	1924	2332
264	1943	2422
265	2069	2256
266	2003	2492
267	2022	2126
268	1956	771
269	1939	667
270	2043	787
271	2091	1238
272	2005	1397
273	2073	1526
274	2014	613
275	2086	705
276	2119	2030
277	2079	2206
278	2141	877
279	2062	2500
280	2099	2448
281	2111	2564
282	2130	2346
283	2220	2185
284	2187	708
285	2132	1127
286	2147	1344
287	2165	2495
288	2119	2619
289	2112	1957
290	2201	1909
291	2229	2100
292	2247	2492
293	2166	1493
294	2204	1517
295	2199	966
296	2316	1033
297	2198	1788
298	2287	1959
299	2299	1468
300	2271	1656
301	2255	2256
302	2299	2041
303	2346	2355
304	2278	2544
305	2254	1752
306	2331	1881
307	2378	1591
308	2414	2517
309	2290	1356
310	2394	2068
311	2305	1116
312	2435	1029
313	2399	2391
314	2408	1592
315	2453	1968
316	2494	2112
317	2508	2352
318	2401	786
319	2502	697
320	2475	857
321	2404	1259
322	2520	1265
323	2466	1541
324	2503	1683
325	2558	2476
326	2546	766
327	2504	971
328	2568	611
329	2587	1041
330	2561	1178
331	2595	1377
332	2637	2525
333	2576	2006
334	2617	1925
335	2599	2073
336	2584	1519
337	2645	1627
338	2639	1018
339	2654	2112
340	2698	1914
341	2714	1898
342	2717	1975
343	2698	2221
344	2643	2326
345	2827	2205
346	2702	677
347	2715	676
348	2719	1778
349	2789	1900
350	2790	550
351	2818	775
352	2789	1757
353	2731	2472
354	2826	2493
355	2800	474
356	2937	570
357	2803	2099
358	2904	2066
359	2889	2290
360	2865	863
361	2922	883
362	2886	2371
363	2974	2396
364	3015	2233
365	3010	736
366	2973	953
367	3127	760
368	3025	2150
369	3086	2277
370	3128	2098
371	3036	463
372	3134	396
373	3109	603
374	3041	966
375	3145	850
376	3149	1072
377	3059	2353
378	3167	2394
379	3114	1729
380	3104	1644
381	3191	1822
382	3177	671
383	3138	2010
384	3172	2135
385	3186	1980
386	3217	875
387	3186	1157
388	3257	997
389	3287	2319
390	3245	2479
391	3169	1525
392	3136	1435
393	3198	1536
394	3293	2122
395	3244	648
396	3136	1282
397	3255	1153
398	3191	1936
399	3288	2028
400	3201	1364
401	3293	1436
402	3291	784
403	3243	1859
404	3313	1753
405	3250	1889
406	3281	562
407	3330	1940
408	3257	486
409	3354	430
410	3354	985
411	3357	557
412	3316	2098
413	3354	2227
414	3315	2454
415	3351	2354
416	3461	2481
417	3430	2093
418	3317	2309
419	3428	2344
420	3380	922
421	3490	1102
422	3406	1250
423	3488	1169
424	3441	1320
425	3416	1915
426	3461	1837
427	3482	2024
428	3421	1715
429	3452	1580
430	3445	2236
431	3492	2403
432	3472	2191
433	3434	595
434	3434	660
435	3529	548
436	3527	1544
437	3547	1859
438	3542	2484
439	3463	861
440	3451	798
441	3601	890
442	3566	2250
443	3592	2050
444	3486	730
445	3540	719
446	3488	330
447	3451	231
448	3576	303
449	3593	1226
450	3630	1025
451	3537	2389
452	3596	1570
453	3556	474
454	3644	662
455	3667	2173
456	3648	352
457	3711	1941
458	3711	1205
459	3667	1304
460	3727	1508
461	3612	1648
462	3601	1816
463	3715	1908
464	3613	756
465	3656	713
466	3653	815
467	3640	865
468	3704	910
469	3697	629
470	3759	308
471	3715	762
472	3797	2147
473	3740	1156
474	3733	1247
475	3792	734
476	3831	1858
477	3754	1467
478	3761	1560
479	3852	1117
480	3863	1422
481	3785	251
482	3856	393
483	3731	1626
484	3836	1619
485	3770	1679
486	3780	1776
487	3832	1821
488	3864	1883
489	3919	1753
490	3878	1635
491	3845	751
492	3923	897
493	3897	716
494	3900	979
495	3928	1204
496	3933	304
497	3885	490
498	3857	1296
499	3932	1254
500	3934	1469
501	3920	1962
502	3958	1876
503	3877	600
504	3916	563
505	3931	1559
506	3923	1699
507	3961	739
508	3903	976
509	4024	1009
510	4001	584
511	3988	1799
512	4008	855
513	4017	1621
514	4003	1150
515	4002	1309
516	4057	330
517	4020	1416
518	4070	659
519	4107	1816
520	4034	864
521	4089	1434
522	4101	659
523	4073	1166
524	4091	1260
525	4149	1107
526	4148	619
527	4196	771
528	4130	1592
529	4162	1504
530	4154	1641
531	4156	1783
532	4231	1788
533	4176	1498
534	4171	862
535	4228	932
536	4225	1385
537	4257	1558
538	4296	739
539	4263	932
540	4256	1328
541	4297	1328
542	4257	1120
543	4311	1017
544	4350	1209
545	4253	1608
546	4335	1536
547	4273	589
548	4283	595
549	4353	1279
550	4367	1449
551	4318	1684
552	4374	1607
553	4388	1287
554	4336	847
555	4344	774
556	4196	1292
557	4267	524
558	4240	258
559	4280	364
560	4279	466
561	4169	248
562	4162	989
563	3962	1940
564	3914	230
565	3868	215
566	3788	2011
567	3819	2117
568	3814	592
569	3776	896
570	3591	1767
571	3677	1371
572	3642	435
573	3575	207
574	3534	170
575	3477	181
576	3525	1407
577	3418	418
578	3286	697
579	3378	1434
580	3315	1227
581	3111	1573
582	2968	609
583	2913	407
584	3002	1766
585	2871	1718
586	3030	1917
587	2949	1882
588	2873	1919
589	2651	2360
590	2811	916
591	2751	946
592	2663	1718
593	2615	746
594	2564	1865
595	2564	1784
596	2385	1195
597	2330	2284
598	2207	2644
599	2174	1078
600	2344	783
601	2281	747
602	2054	1906
603	1934	2026
604	1901	1108
605	1862	1743
606	2019	523
607	1958	482
608	1697	2640
609	1580	1074
610	1347	881
611	1341	906
612	1465	471
613	1382	398
614	1216	1191
615	1183	2604
616	1142	2654
617	1082	2648
618	1010	382
619	934	1857
620	721	1995
621	501	948
622	634	2640
623	607	484
624	225	2496
625	380	2123
626	199	2296
627	295	514
628	184	1433
629	71	940
630	105	688
631	50	713
