params
0.3
0.01753386635662168
20.0
0.38
0.4
3.3300000000000004e-10
init
0.15514933179574839
0.3882004226930164
0.06685626346062579
0.07945762439278296
0.6666605525336008
0.40513346893908025
0.4257892213433634
0.32035927079099447
0.9750217739305808
0.5490977497254647
0.6231615042995071
1.0456804338224792
0.9029435027481042
0.6889515910127195
0.49644578103194265
0.8057142296135983
0.9853232515659927
0.6437457656899482
0.608437777810337
0.22203946675151923
0.6634380559570242
0.4726457325924657
0.9205595497027953
0.46429769202913895
1.0020787282413939
0.7310216119188291
1.0552992782921455
0.6142965728666369
1.0039556300339008
0.2477858478465292
0.34419971711416514
1.0236467278579278
0.6653296286113121
1.0976467747250365
1.4995139036906127
0.2800764333001808
1.527718772815313
0.5987146512097755
0.7508711416873478
0.20459656320521744
0.8611549274018288
0.3478958035499331
1.3674683691722913
0.3589641555207915
0.8172724769546191
0.9709313608524475
1.6420280894058128
0.7605703629802975
0.9947903348096624
0.787230006882316
1.4448147689234057
0.6771135012807927
1.462581333796686
0.4543230605501861
0.8788533196834615
0.6074637275213638
0.7409582608752716
0.7687030485693213
0.8876801910451365
0.6952361972553738
1.0488933672298129
0.5099196320567473
0.9152667092451837
1.113522919075573
1.2456528794199733
0.38155067985441804
1.053513478930679
2.8178044054142415
1.2013224310737962
0.2738857780317716
1.2223396332546552
0.31973238983543273
0.9413676573865388
0.5861378443417176
1.072956787969528
0.6408070160879574
0.5966787739747152
1.1964483307783027
0.7323172194511887
0.8415182369711676
0.7335741139655554
0.7286460023996142
1.8448467164469988
0.9565728133011654
0.33814528997653087
0.67751457840379
1.3851968502097602
0.981519058347948
0.6157370146092299
1.6383689133319905
0.43364311437108394
0.8673428286827264
0.738264577281199
0.7831232883397091
0.2802468358844399
1.1179074402458817
1.6352655523827797
0.6759424102391063
0.435772863637089
0.9706905777675965
0.5220934659076826
0.5424087530982881
0.5432348510363515
0.2965340579060198
0.482606468935152
1.0773358273549942
1.4624388394262018
1.2105408165842875
0.6622106316800184
1.5083536023069135
0.29442720505449405
1.6178899897736387
1.113222475306945
1.8269588050364505
1.865144464554972
1.4863912951570382
0.42954185428965863
2.5010038821446114
0.6830364449699017
0.5164694946844358
1.583595906748815
0.4844005605036693
2.7201474184826995
0.46807440781070253
0.8249707634255885
1.0892791788270813
0.30108262862915763
0.38330903361678664
1.8226179464873054
0.8687309366688002
1.0724321207214453
3.5007839436803745
4.073776971838792
0.06022811781093527
1.222351594189529
0.5013522107861155
0.4103920686039008
0.9988558199440372
1.758236781158793
0.37016559166597646
1.0747623927357983
0.8572336189951701
0.3158650572911698
0.950621376829326
3.5361345539182722
1.8721239508786314
0.9349357960355228
2.821300492307215
1.0394790637424567
0.6050371770689862
0.6196686279808493
1.1574877435470299
0.5404922741707872
2.4708257663423594
0.8682150671797342
1.0089113250592796
0.38970272989895277
0.8246783560342084
0.6112798296175247
1.0237883792832643
1.4198143296000434
0.48599448610046286
2.0567325398008287
1.5756070825023027
1.0659856153917635
0.2066432133584735
1.3705070266803052
2.314152676969796
0.7785536741431778
0.8579618457949022
0.7942707361790757
2.530577612423625
1.3284684054617417
0.8844842542655686
0.6491001261020157
0.28175047461237546
0.8324182448794065
0.5347554634399441
0.9199717417696532
0.8305707618232647
1.7235528053076423
0.959493423524892
1.070098916808772
0.5119535969209577
0.6008558460779565
0.23601525066753676
0.32839155763332606
1.4244588044087265
0.9638924677868039
1.8276216166895405
0.7379962073011571
2.958413792381681
0.548927006294074
1.2174394356785958
0.7032108373037074
0.3394918494855181
0.6422102184200587
1.4275434105148488
0.36349512129832984
2.120636207959902
1.1217808198584214
0.9098589434867326
0.8010957322988019
0.41775731461380794
0.32729191227174903
0.1607271846896309
1.135229591531916
1.4543885168203394
0.6185201470778848
0.46638347775101124
1.135551077709249
0.41221320521259963
2.0893379351792656
0.9197830204527347
0.35526274508146305
2.4380768133813304
2.2372089736932956
1.4721046854868733
0.7335990297533989
0.7686843218090286
0.685446561220662
2.6732859416679617
1.461140088850409
0.46174057085746295
2.145216773972533
1.7387801955481794
2.721416451720833
1.085352989659322
1.2102719462359073
1.7327455914721563
2.018948975256111
1.92285928623395
0.47427080738133204
0.4128943048304042
0.5454193828383384
0.24373170879585676
0.8451533051553856
1.908131111412869
3.4507979554697656
2.323729263274447
1.2586813434136823
1.9848301803024464
2.243586606200025
0.7725245295799823
1.5113411072229699
0.43149913631567577
1.4447850954623767
1.0240079681753453
0.1437057877596322
0.9030306186546574
1.3078427146568639
1.1287125404776568
1.9432363667154822
0.712370685389852
2.1106396582961215
0.90940644722495
0.5470558829117018
0.7368010328084162
0.8995877743512185
1.492764180698359
1.6590357800659443
1.4222479058257593
1.8952291586931613
0.35655954364779446
1.442281201695197
2.1015499584348696
1.433145126280476
1.0806164595228744
0.4437984617080599
0.4000729851018335
3.3056479502489697
0.7987300733024142
0.9282343318060103
2.904454517890183
1.7752168739503587
0.6340468139451497
0.2299380004859317
0.9687337946562492
0.68124301886739
1.490798223413517
1.3431163466242262
1.5400346758097214
0.8208242082580548
0.7274450613973067
0.471136029949443
0.37081652208760785
0.6244244302010228
0.5857181960010716
0.475455217283594
0.47058587196863144
0.5495184469792155
1.8262044549800878
0.3078254133277358
0.3747516234636445
1.4113076520506422
2.2936932015003304
1.2198075817254064
0.6746697217384462
0.9874056528715118
0.7099852419538406
0.25399854772792846
2.289118225019907
1.0300571337441022
4.097248408846867
0.46680232451053544
0.9623568936305181
1.4421440323930865
2.8081837478069582
0.8798539879633533
1.6116628614181783
1.4184630070473243
0.4016475041818768
1.6709124427368325
1.2703079889506652
0.6386695033398595
0.9511876072478465
0.4651223640188812
0.6310062827640742
0.7518098648139937
2.0409092729824923
2.3235266006988042
0.8119089294277041
1.1961339402551936
0.7711169464564537
1.871576192894476
0.47635558340753603
1.4829056549331092
2.635439251384624
1.770064535542676
0.4285044714721728
1.136836204688068
0.626983101387043
1.7145402396363505
1.2417752883714634
0.2234379050661505
0.8904111065911647
0.6512453426685445
1.1820492823812465
0.6617763033858493
0.7961769031096082
0.5253197547779453
2.5016118763121384
0.9055963999064286
3.087879661587155
1.722918239124219
0.8181544891056564
1.5981557910501891
1.7607728489932304
0.5810520990475542
2.018061690598963
0.6648552761694445
1.5941689118162499
1.3240084816802737
1.7983767719092159
0.7411256743394633
2.348916846551025
1.7608703317728593
1.6506220158855396
0.672636382238108
1.8058800934887502
0.46657117880431864
0.9676470157829961
1.1486974050940826
0.4066350800662718
2.1723711866660076
2.4457826181880318
0.5584422886396377
0.5571396336755965
0.7363917970138414
0.667490648272522
0.9563645910953446
0.7470418032997767
0.9073838879269007
0.4384283639774278
0.6114291077551068
0.3342196348342074
2.7674167319142193
2.674551895209846
0.5061365535445489
0.42555215474613595
0.6540341828689701
0.17046559836289252
0.7437543756161763
0.5299069785200649
2.4327067405601412
1.131402569893354
0.5628864019323642
0.2775681353252307
0.5437003523848029
0.44767645030762676
0.6228180267031186
0.986186466142809
0.7280459483627966
0.8878322257221635
0.6680284862176984
1.0155280836131826
0.9990188075888786
1.6741966338509158
0.3555397608246068
0.4236229816820905
0.18897865517677728
0.6793745086806515
0.46534438962400654
0.9958085581204924
0.21650086874804517
0.3020024276887856
1.5232014809987775
1.7866701921681458
2.0389682138176153
0.6486795359025992
1.4734429470589183
1.5434119715946566
1.9897930912435788
1.5169345571267612
0.6251874774727268
0.27746721534176266
1.3419933492735985
0.7639386258134528
0.7470226769613687
0.8635438740663159
1.67707537160746
0.4711796368718989
0.6516240078767196
0.618959823677905
0.7886296647720548
1.2521560945282606
0.4652731751353571
1.685049264949925
0.4812553061574725
0.26861748707448563
0.6955975121680031
1.846513365235054
2.296098238971808
1.4796247751036775
0.16503702686548716
1.2268843228336448
0.727221076308405
0.6786530379909109
0.6605052400087975
1.0187907043386486
0.8800143798518517
3.7177118444749406
1.6831209787822776
1.8645581146108838
1.1616304611830182
2.1315290716699935
0.4493916820284554
0.7970143437859479
0.5653570432610615
0.6055294574714101
1.0436658596029733
0.47251296026287337
0.5363346504113383
0.43334522205738935
1.4623187839279388
1.205139053157846
0.960371771426732
0.8037903209600076
1.9002013423000723
1.0097796373924361
1.186833659489958
0.8479740321417174
2.6676758221682513
1.0689455420775467
1.0075412934861163
1.8537429390833111
1.274889616317511
0.948163232796776
0.7153216173516594
0.24483746302515744
0.886830093042931
0.245930702413176
0.37954762568994044
1.5320856617022787
0.9354480702627739
1.6794552784995758
0.4418225415735167
0.8008795279746903
0.9594999390974219
2.9770472544914273
1.5541670807351196
1.1812966670622742
0.7929128698960433
1.0054749674769439
1.7956372719001295
0.7444220463266951
0.4491583818165311
0.8177419875296101
0.679818284123973
1.247472600153949
0.6739646319590508
0.6801591815721412
0.6418039727591157
0.1286033953064855
1.4222368764630549
0.5983758565532531
0.4746264568026612
1.3977387722991903
1.0893693863848217
0.8252239684915301
1.1459340026288738
1.3004280935272852
1.3128568594270988
0.48336519664893257
0.6608597324157955
1.2974596949951702
1.2755713288444261
1.5718365118740518
0.8306199332530491
2.3063384194282603
0.22664413686380602
0.6729345388232455
0.7624924645934587
1.644789988444843
1.599880643431528
0.8665853166554185
0.7628630679442342
1.4449998182603703
0.2538884496608203
0.5314158557649398
0.4782387364945404
0.8939946064177976
0.6856137599581796
1.4619267356250327
1.0217791146741837
0.5107430965799139
0.7638373553042961
1.1394802448751975
1.2205385333839067
0.7206101106782355
0.619618069135585
0.6098248325823052
0.13291604265478177
1.452845263134307
0.7387351212764853
0.3815510858724301
0.6731516313732427
0.2040580132944692
0.701340786441435
0.4876813566378744
0.8934544991914233
0.8562258367226897
1.5164993370463211
0.6245163384561483
0.26611349470764933
0.7892436740318141
0.8215740221883892
0.6325614432585263
0.8443943686147652
0.608805929351471
0.769370802067646
1.864019302822862
1.0804905298943894
0.970771884034171
0.5126771166075977
0.5206660910096474
0.5480999471449086
0.8725694078867228
0.4933440315397154
0.32601300173853337
1.0969972553995202
0.8306283385337777
0.7262898604688149
0.6211954124840254
0.49201105013229196
0.502606462362962
0.7473485825911996
0.711276884932363
0.4588442441333383
0.475694419126409
0.5620687392172696
0.6062970777265593
0.4381280360188924
0.579274009616416
0.5687690551190687
1.148588754683763
0.3933410746836117
0.2903878763618249
0.24720929333738886
0.2064692449711913
0.3997229684692017
0.21846372716607634
0.19461139158532084
0.6235867052820703
0.724981523487717
0.4096761747162089
0.24284952834008575
0.8574765760968596
0.5742282294538243
1.1605454524489698
0.8845674772937923
0.14156706005676173
0.1416035471867655
0.15212288010748073
0.7960179034203319
0.7631845069519431
0.5966724801201203
0.787360161407809
0.3972151947866537
1.919619584115494
0.7707530826743161
1.0831391359326612
0.2929914696813109
0.33227022402174433
1.1377538982333437
0.4161661534231331
1.043806462280894
0.880634471694107
0.1144540380762225
0.9625722593801088
0.8231762141221043
0.5229427983994993
0.8017155574007259
2.0313236202186737
1.3934866595455901
1.075429155913742
0.74555904654268
0.5677644765961722
0.1047781774678363
0.3863251698943841
0.6781334807072131
0.5443100237353868
0.2184454739190248
0.7936194857723591
1.9572732208252552
0.8365029016323562
0.5806321352974203
0.6174291512075437
1.126981152407373
1.4403437681002806
2.5312681029135096
0.8997434584506933
0.6450420391400307
0.6709731174816221
2.0177046535418754
0.36414995908425835
0.1975685787823523
0.3575858712401563
0.19813169279417053
0.7705311566455846
0.20954650236163383
1.7737537499941018
0.4945549528040958
1.4078346935829769
1.434521946306852
2.822213757985252
0.7576158427294247
1.8287330284113783
1.1168133885099172
0.55166394513365
2.762113149516854
4.4010595046897185
0.47360347341616216
0.2800490284282718
0.3292367675732015
0.3192945020007328
1.51280238107631
0.35444226209053065
0.46444940514688504
0.7103799350588449
1.32940795650812
1.020294801484387
0.7246110039951753
2.250596842201047
1.1672953237211214
0.5489449109045526
0.34086580555267465
0.38346352182232923
0.308977030009865
1.4137780985076074
2.0500909444640922
0.733825992388346
0.748379403004535
1.3733637545603525
1.0411006436127948
1.5599591376384068
1.6702187846706424
1.19956103748646
0.6368770747796396
2.809256036869272
0.2968216083082193
0.37127430059346134
0.5701759587748119
1.4536627971571106
1.5621130070241094
0.48640351267734405
0.4057235975250376
2.737230879746476
0.6003931095078473
0.957596569043936
0.3984152554953227
1.005537641295807
0.4739639424171685
1.052376916743177
2.189096666230799
0.4931071228582166
1.5154818632067746
0.9117182018165676
0.1325966959364484
0.8535126751096636
2.3531057120185985
1.5183045680324136
0.36727279315043665
2.5108898721288413
3.611151971594052
1.2583889533379393
1.4719901512749676
1.5489033791635152
1.9829254727197374
0.5981943932526225
1.3834872865212176
0.6727342027602182
0.5102267862355812
2.626250085392824
3.3443300145461925
0.7857908317521234
0.2244018808509444
0.5410040605207705
1.3974706415773448
0.595814615610714
0.26597450647280835
1.1404705210607322
0.5850286855802946
0.8306092192302452
1.026264703978485
0.36793846504517047
0.4542411804022323
2.099704077163399
1.4890617173890381
3.028994178324424
0.6339665948046439
0.36683767034289133
1.118873257043426
1.0354695864195504
0.5823972131094097
0.2817741384466959
1.2195095859707412
0.8677439740835557
0.6170166920262306
2.8123116445946557
1.005149111500799
0.26323605924309446
0.3899042569046747
0.8317714878755577
0.49382530863931107
0.38484420313335865
1.6157323898445075
1.3718387700166248
1.7748776697941635
0.4535830555715409
0.8930143782234824
0.363850300370278
2.082727467683986
0.4460535819957863
0.2984271984347453
1.0244485096596878
0.490372086102033
1.346865534215031
1.2345497067895717
0.7469972948816911
1.0908449226537815
0.4367875409012923
0.5375603104314381
0.9610124138129879
0.3975300865167088
1.8059452035759924
1.5982118638552705
0.7378864182657604
1.4558198647219656
1.1240406235317335
0.7196980024438084
0.2748977352427774
0.7914816526635584
1.7463646702402567
0.3370983407682237
0.68523958508935
0.9003050068955519
0.5054026018603516
0.7078505877315608
0.8109003845111239
0.3385700781746737
0.5553400794858342
1.0278458026841635
0.2856660135337818
0.21454676349055263
0.8408073813304832
0.6119874646098283
0.09651478434476586
0.21191107119127625
0.20016088100188134
0.27510999301471084
0.44367438514382324
0.12465468026483006
0.35771139662948026
0.036443765121044275
0.04890516496478487
0.6361288766378562
0.37481896332560183
0.39563962142349635
0.2901148298796822
0.945059316763155
0.5190573715713159
0.5933347572638696
1.0158331516485104
0.8726726160664081
0.6588917024868634
0.4659912473588863
0.7751648430310523
0.9550152528783818
0.6134125059305385
0.5788380261558277
0.19219809274408117
0.6336463100028051
0.4439859889967597
0.8919104481306822
0.43567248966669825
0.9733952349227247
0.702472387160554
1.0266595335646556
0.5856980918961381
0.9754995018256698
0.21835158614797984
0.31479457501015407
0.9941895908634844
0.6359050162551567
1.0682879847210285
1.4704707326755044
0.2512255846694549
1.498705103052132
0.5695235803168548
0.7222335713148169
0.1758450498143232
0.8310894481240174
0.317829562392259
1.3390252979956667
0.3306217046663339
0.7889579547015291
0.9426487857626936
1.6136276426442977
0.7323081299857876
0.9666087540033685
0.7578553048935299
1.4153586955444732
0.6480004925897753
1.4327247129847038
0.42454912969574193
0.8494754759481717
0.5790388396140558
0.7111810456831502
0.7389962477245823
0.8593093736494696
0.6669892457508917
1.0198001953712943
0.481174850719079
0.8854575902471777
1.0837121306671014
1.2174735968147499
0.3534924883914541
1.025291082033118
2.7896318719185644
1.1731601893588866
0.2459493265356464
1.194747856567332
0.29058635216935597
0.9120763632671312
0.5581253396153748
1.0433684963430525
0.6111499080692789
0.5681660797100849
1.1684735128697383
0.7040407887606073
0.8129062023718326
0.7054179821364366
0.7006497173212044
1.8151289178141299
0.927272760412936
0.30958741881021823
0.6490143950459893
1.3553688248377742
0.9516825538354293
0.5867866136840555
1.6094537814217837
0.4055924168499228
0.8392910218081995
0.7100318135941921
0.7550693771597098
0.25177326530727007
1.088384025415422
1.606762845682761
0.6480479282049985
0.40780948839619746
0.9434998088100337
0.49370920070344715
0.5141205163875431
0.5155285300340142
0.26874201748832244
0.45472998761180927
1.049643294658
1.4349196213302287
1.1826932211233487
0.6327724069980686
1.479193126337407
0.2666104406258872
1.5883864838138948
1.0843411576230584
1.7981806247362089
1.8362795241462178
1.4584216262586787
0.4013322170413587
2.472855973135331
0.6554186313571362
0.489166850694435
1.556502491834328
0.4571042350628684
2.6913792610653635
0.4402955562625338
0.7975446817859463
1.061945183536844
0.2732214485884583
0.35589755353447505
1.7954103536030548
0.8413493159823836
1.0437638151180253
3.472089244228501
4.045647969018942
0.03245306073163563
1.1942557470920938
0.4732659092461365
0.38318738157453464
0.9708701139887497
1.7304733761462596
0.342170787314344
1.0476539034459431
0.8291489615789603
0.28834006438007903
0.9234299686036362
3.508971357111734
1.8445462030270698
0.9074776192030948
2.794309964908602
1.0130267567747213
0.5782156443186632
0.592539251434634
1.1291615194651226
0.5120808446095149
2.4435058658351503
0.8409564652195167
0.9809565719869466
0.3623297454117143
0.798104094758685
0.5843436410162339
0.9972682217012337
1.3917472162014206
0.45812087142268904
2.0307236436356555
1.5495414070722018
1.0378967170169986
0.1789619949894876
1.34411512002028
2.287270601078352
0.7525834023965806
0.8322091196281538
0.7668646929236199
2.5034641521205163
1.3013427773464235
0.8574004195720765
0.6214380411674688
0.2549707820022496
0.8058511219776711
0.5086537745763059
0.8931181390032671
0.8036330693371896
1.6966725831928047
0.9335584571678157
1.0437106076678286
0.4861541685531982
0.5756431319235146
0.20895561149796438
0.3015056373468122
1.3984215120805754
0.9383707293506847
1.8020267176166929
0.711191500113492
2.93160345202813
0.5227971157915381
1.1908968974598866
0.6768364035864596
0.3135988756040414
0.6155746072439761
1.400778579929683
0.3376992216537956
2.094597204296646
1.0961882896654864
0.8845166724143041
0.7751043020367859
0.3920119888059152
0.3020627185058151
0.13579858104365117
1.109807663416626
1.4291360695703927
0.5937107820734794
0.44096493722043734
1.1093188040742723
0.38709717730088744
2.0642265541719786
0.894622561006918
0.3301026234582722
2.4131318342263697
2.21232891880041
1.4472884048673085
0.7083368748619572
0.7442099569552125
0.6595095720593971
2.6465438243712853
1.4358553135932228
0.43610163736421104
2.120184375237023
1.7139716945628867
2.696628427933189
1.0606895059487855
1.1855541801024476
1.7076829420627921
1.9938450332660318
1.8979107161904787
0.44861315225009457
0.3879947830091689
0.5209134900408635
0.21926365037428933
0.8204248372180504
1.88344746386875
3.4260897239253794
2.299237389456886
1.2341784641970308
1.960748878726628
2.218992821401141
0.7477128880740134
1.4868599637971578
0.40721762362818464
1.4201304589291681
0.9999170605224389
0.11952396323450704
0.8791707931939347
1.2841689797421638
1.1052275333281492
1.919247958425551
0.688424714776741
2.086371868183211
0.8853646485039315
0.5224144946796401
0.7127206290837876
0.8752930821218763
1.4696684510864992
1.6350110587078934
1.3986157872655207
1.8712899185210048
0.33292486271179567
1.4187274433115715
2.07845024945159
1.4095433602432315
1.0571035068965589
0.42033322795982836
0.37652267599286693
3.282030117066882
0.7760258700328422
0.9057649200561779
2.882499907546828
1.752003300602152
0.6111245536136687
0.20769282453227036
0.9459227292136898
0.6598146484285151
1.4686595893080476
1.320271479054817
1.5189288725148324
0.7994959475842952
0.7065786619475705
0.4478409670132904
0.34800136422752465
0.6010564415696739
0.5632065529018151
0.4529541834898364
0.4505719416028883
0.5314528859379027
1.8038994680367317
0.2896921781821159
0.35129135431678804
1.3900259884587332
2.2704710690979506
1.1971075374172484
0.6517392496380614
0.964930378792357
0.6910514339333698
0.23116626716790167
2.266716893834254
1.0073586942912505
4.07510206883255
0.44738446261356624
0.9401622826056784
1.4280924126086607
2.794323545953878
0.8590408106914358
1.5908839442483869
1.3980399515209694
0.3807129951844559
1.6508210144728053
1.2553873610911759
0.623280465414506
0.9301452855688209
0.4456751727873558
0.6126112794778115
0.7343524969342656
2.0242847141935623
2.3069368799687795
0.7931822297251933
1.175114863250374
0.7544228983157092
1.8543996009168298
0.4590969861529879
1.4664602314718373
2.6191652607697
1.7542854142803461
0.4120416198871821
1.1226300019732691
0.6126221453565674
1.7009509704259849
1.2207546710546031
0.20398269083331458
0.874720374162923
0.635221925379958
1.1651336708336963
0.6485965335029216
0.7813901672131635
0.5090107909777759
2.4849433073287375
0.8893163040432671
3.0710941867112003
1.7062330057415065
0.802533474319848
1.581384790931812
1.7441028598012105
0.5645744911091057
2.006305613363476
0.6489503923131505
1.5778735524175491
1.3089009217010874
1.7849842109330805
0.7281139758913386
2.3360228599490833
1.7486083351878683
1.6353376792366419
0.6565013406482747
1.7937063293935593
0.45405226705515983
0.9544543509622746
1.1357478527487905
0.3940499964969268
2.15727411726657
2.430805609283338
0.5462430249992839
0.5442610088773262
0.7242183408287598
0.655727352907906
0.9446800603998473
0.7361364797060865
0.8957489992022817
0.427193508844897
0.6013973256222782
0.32418313401496207
2.755544208335449
2.6593812547962323
0.4930822435181424
0.41169353503969547
0.6424667628390545
0.160177089185909
0.7341002818483563
0.5199771614765343
2.423876677158595
1.1189889775855761
0.5501904302959523
0.2690249803753873
0.5358657315866957
0.44127571572634644
0.6138329951682645
0.9773762809124725
0.7181937550694437
0.8781353018942726
0.6576056156687824
1.0060582868971784
0.9897044901970032
1.6646715869808253
0.3501282171406858
0.41750022357719657
0.1928769651945215
0.6702949851716706
0.4563101103601372
0.9883400449661796
0.20999805456152218
0.2923825190968157
1.5177607429756217
1.7813898555135872
2.034443367342467
0.6436506936920015
1.4676373458319496
1.536319330062977
1.9844473631767274
1.5117251511862762
0.6199434885582134
0.2690804463284019
1.3394382335066433
0.7627228825961141
0.7417610681458895
0.8588078978897792
1.6719796624169947
0.4671159192205495
0.6478615379377501
0.6141920084589998
0.7847026588778164
1.2467275838558596
0.4646855743984899
1.6814718415675065
0.4767589466854289
0.2644742182112434
0.6898153981100982
1.841403993449737
2.2929838809812653
1.4769084017372711
0.16351234077476132
1.224235402863186
0.7310670201551981
0.6827055683606112
0.6579888466435361
1.0200708924286348
0.8776737259600965
3.7150558502890267
1.6806344260661956
1.8694314856469232
1.1666421319405067
2.130379677238395
0.46653451671919904
0.8065133743964766
0.5792695529776494
0.6266068315602092
1.048666501539688
0.47623099101842686
0.5343044899600295
0.43087348672603154
1.4617265029945108
1.203396152104188
0.9581240616888002
0.8032178144760056
1.8997051787931638
1.0121957996898003
1.2087301914936763
0.8493771750195038
2.67035802670581
1.0670099538621625
1.0073165439221299
1.8593766136385275
1.280086858736949
0.9544480322224137
0.7197745130459936
0.25028844769085484
0.8850354128719666
0.24844393475005194
0.38547223999253355
1.537858142936562
0.9420613066013055
1.6860773870895454
0.44874127478128417
0.8097108425471431
0.966211184685781
2.9825821911349575
1.5602768014172574
1.1861669417357263
0.7995086765958004
1.012233657343714
1.8183728702551805
0.7663563578592115
0.476161948320522
0.8418170213680918
0.687127063901891
1.254379583986572
0.6853892768706238
0.7110864135371407
0.6722701876048517
0.15321430720342955
1.4299069590176705
0.601826537749016
0.47684784564045146
1.4046968552626011
1.1209836141507439
0.8322598593713223
1.153540141278595
1.307471117843361
1.3202183931764468
0.5107076182941359
0.6798434621047132
1.327893969235002
1.3058414544861046
1.5790224523935643
0.8386299434417724
2.3141069312445333
0.2345539360291921
0.7044108772590297
0.7932903931932088
1.6754733022984507
1.632082945431238
0.8988376624161077
0.7730807606061606
1.4534148563324825
0.26703140422437216
0.5444774701552942
0.5112856171147512
0.9268224409368206
0.7180508135588315
1.4956445710523991
1.054264367971734
0.5423210297023174
0.7947669707446128
1.1717505030078472
1.251393925385039
0.753247084701689
0.6286154479452359
0.6195044139519006
0.14229301807653383
1.4728734744341208
0.759137941329766
0.39783934278580757
0.6933185475896892
0.22609625976531672
0.7342661705955115
0.5028544387337233
0.9070041760827638
0.8700978977741419
1.5334482432186953
0.6407536943592749
0.2994091407624009
0.8215366897710453
0.8514528936821273
0.6654093351391088
0.8813450663258444
0.619763596256468
0.779081633710546
1.8887754052140517
1.1049989129430386
0.9931500696472623
0.5380210718380691
0.5354402499816104
0.5612861029378305
0.9066217503864302
0.5268423479106155
0.3533614145466546
1.1323054816701326
0.8498860859016559
0.7419156037486265
0.6477570147156376
0.5199595649552039
0.5262700753841864
0.7695822573482606
0.7358458431252434
0.48117472376458337
0.5101820108278302
0.5975433917465042
0.630142760519201
0.4739046917345515
0.6175619756600068
0.6086040619633035
1.1887886457458854
0.4322427396012955
0.3087700609023895
0.2592533946732667
0.21821629908966578
0.4145571852188668
0.2311635752443322
0.21118988020293403
0.6433891251623219
0.744655208756784
0.43257858197802324
0.26387874179578774
0.8773149173434355
0.5940349321214726
1.2015595590623571
0.9254969093595541
0.18338203433515374
0.1799991136329925
0.1864174618213792
0.8317231782999014
0.8044686382752941
0.6294727050468506
0.8120250837233391
0.4215531401439877
1.944683927866868
0.7969940637009071
1.1077656844852801
0.31986473994273457
0.36296412856446897
1.166333157003258
0.4365166096235933
1.064067469602368
0.9015529811526232
0.15673121582165167
1.0059841568509746
0.8663382910902045
0.5684445414137067
0.8472030191325876
2.064071532600334
1.4262099425475094
1.1032524070358427
0.7876491159667076
0.6100165261185093
0.14751352416511052
0.42914598708601154
0.6989929153391918
0.5662513998391087
0.24223034714380762
0.820127971214694
2.0005162054235215
0.879928931792103
0.6221625528547956
0.6616614754053332
1.1673145271274317
1.4821318482761225
2.5785760127693234
0.946987085945833
0.6872687491240095
0.7128148597252975
2.060576180633981
0.40155330491080965
0.2294636752252574
0.40362196763438835
0.24363404764744137
0.8172631028079138
0.2328009517843125
1.821488807193382
0.5414886026750767
1.4361155303809408
1.4626449133096233
2.865128157485056
0.8005579486717322
1.8709512894071916
1.1590017145960658
0.5936747800523954
2.7930469199076677
4.429375756172401
0.5031891666272416
0.312472488145431
0.3737184681148715
0.3632765705159005
1.5581951566632946
0.39818487675767134
0.5093557532181455
0.7541988307385391
1.3739875757842708
1.0682140348873905
0.7727603638770172
2.2987296096526593
1.2127665191032555
0.573374646086046
0.3844888676495273
0.42652247745816196
0.3557881270117053
1.4513508358811638
2.0867928093589074
0.7763496012138361
0.7907172055182037
1.415419190516354
1.0831382392865447
1.6044722888816108
1.71447036787035
1.2424560881831177
0.6795262930343307
2.8575238575564095
0.34577443318212775
0.4194884215499528
0.6109795148176826
1.4957443415184126
1.6013419430497065
0.5251799876310608
0.4461343580635787
2.7741838596596478
0.6379125479293801
0.9997277352846624
0.43864837261850154
1.0478198168778183
0.5161024217940539
1.100437998493688
2.237194487130013
0.5407949727272098
1.5637028563228401
0.9598455948564241
0.18145863655397032
0.8995311832541879
2.397764597773019
1.5623360596333282
0.4116516500571119
2.560607026816412
3.660823883693314
1.306573737664609
1.5155079236966642
1.592752078420754
2.0254698997176037
0.6412579695604703
1.420466920446562
0.7109340538206631
0.5477940725744951
2.6744050644783015
3.3924058087235798
0.8346638064506301
0.2666428431931971
0.5900116122613469
1.4471552955749276
0.6431856182745709
0.31419229270634935
1.1901254258754446
0.6242754198612859
0.8792058991908878
1.068750525198682
0.41363239603060936
0.49788083633900976
2.1495093088654014
1.5325347180396844
3.078798722508322
0.6754617116843276
0.4157558561787543
1.162331789680287
1.0853534737527402
0.6318681304907421
0.3285361459003537
1.266395218101075
0.9144162442338557
0.6646443029286726
2.862257257950792
1.0542016111382315
0.3123578052232983
0.4329374797140506
0.8744327245371285
0.537831187934893
0.4275898317332729
1.6585630512739773
1.41527884644684
1.8194785353879002
0.49818755054330066
0.9420474348213013
0.4128393257259854
2.1317425236769125
0.49155038051605815
0.3427807398987541
1.0691942862367156
0.5395410660709783
1.3957570994181385
1.2836097093704184
0.7932555117077853
1.1373135066735187
0.4832706446252758
0.5831276176500865
1.0095666098242224
0.445119778353162
1.8527698381193558
1.6422323267631176
0.7827627017993622
1.5003975904896412
1.1740070942206715
0.7696644362051869
0.32170881231602816
0.8356364887631657
1.7955299436361205
0.38708548448684466
0.7352316207230077
0.9502223266732461
0.5554026018603516
0.7344303574295536
0.8582076080324688
0.3488254239080032
0.5683972790133505
1.0401503534975696
0.29677927204393834
0.2165136015117209
0.85404031905197
0.5966154874855024
0.07398909549894916
0.1883842909379937
0.17537875777756767
0.25027435018439165
0.413105500578258
