0.0
0.5349684523910168
1.0857415262062136
1.6517247967396493
2.1130602396537252
2.2669602800798914
2.168750450670301
2.1315025198710056
2.2057063539727078
2.4137812517617947
2.560331754878725
2.6556789677330013
2.723857417011658
2.7372419749703276
2.620678875140177
2.487250922585461
2.2985033064050775
2.259762980410528
2.2820256007487254
2.472319262263832
2.7409341022395797
3.054771609477281
3.2896500741754875
3.3027248184409057
3.148793127226982
3.0075221790230438
3.0092313295004423
3.0923432781853926
3.189310708450733
3.2592001882187267
3.2874705437150493
3.382525600121467
3.4493432098376493
3.504127140463028
3.457328744175441
3.4310567414115996
3.35562900931855
3.357567281495519
3.4181163142959887
3.5373443359762375
3.7125378630790364
3.791451355639754
3.726696744770295
3.5436532699740666
3.542733748015362
3.6012204211851384
3.7334784919157187
3.7444612787655354
3.7443278510083893
3.7827512557474963
3.7550586859781334
3.779162642313064
3.8322955886499708
3.899224755135936
4.000638003257837
4.12186324433758
4.244281660023837
4.360342308606275
4.528931405405379
4.576822059469871
4.469522277010974
4.316941847198623
4.175741816774274
4.1325123703290725
4.211330890751108
4.253807499778394
4.30657096617413
4.392234043533079
4.477206572783601
4.533544775628459
4.593148337953175
4.684842787399764
4.76977990489731
4.810651393269874
4.8426470908009875
4.860455627633494
4.793859481636113
4.681480241697762
4.6334530333760675
4.640182373243399
4.655913303739643
4.63480367213106
4.528016601789345
4.5831204296578605
4.716251613540407
4.844065392104497
4.98397642559224
5.126764938209663
5.22116459889304
5.341510607983999
5.396113949276588
5.37459120633283
5.281496770506803
5.210861092557629
5.128470200571108
5.063631785265958
5.151357026391648
5.189042804719966
5.184294255563814
5.141389792684778
5.117746143365324
5.191236448265108
5.259528040235508
5.41330393805705
5.586311191031832
5.696728678451401
5.845079497073762
5.9738631087279614
6.043917470362353
6.0178189649194085
5.966415225335074
5.823905412843822
5.741736301875506
5.699586458093658
5.706260874029938
5.781875050818484
5.8328321358538116
5.855677629781091
5.649632412016303
5.550797924194562
5.541696192484256
5.649560705355808
5.873645610345628
6.082346540487025
6.25054237994342
6.418836643633462
6.582626274719101
6.64494279078109
6.5943449366332665
6.533413812480965
6.498738945099351
6.482231804746953
6.495749110267536
6.594610084763897
6.63293036382138
6.619621664892129
6.38992530004944
6.17801657534795
6.121769746457494
6.227756522936533
6.435387362895984
6.6809697012797296
6.990530211558206
7.2209635732994455
7.431059893215149
7.541155878160011
7.5375057320053935
7.525977456249047
7.427858586129478
7.382962125023878
7.378765225631166
7.391917604261092
7.357390841534426
7.267151537994533
6.992685130038943
6.922586031857671
6.961579083080752
7.178359109858789
7.375664018354978
7.622183964555839
7.820560874616134
8.025517904919798
8.177326897325514
8.252485227186773
8.236945853414204
8.163848791862735
8.0863621219995
7.990614125997014
7.97216485119
7.909756646328779
7.839236516553306
7.782548468836465
7.655499143221417
7.64044870247768
7.721662820491922
7.829969039128156
7.94660683480635
8.061807660877585
8.13998558304128
8.210840646174482
8.24720964811126
8.262170679331486
8.314652242381635
8.35267718852705
8.39871379111561
8.34879724024333
8.352315234247175
8.33314824950232
8.296695138858464
8.17681139601238
8.090386967484022
8.013425004504256
8.056205747526732
8.096876172530422
8.205074769030325
8.211015050987163
8.289672326850695
8.313618305331893
8.325610077833913
8.351173890183748
8.435587549234706
8.521805752729575
8.582866724025616
8.649626702663198
8.723638021289617
8.748739183772273
8.749541223564027
8.724649243496831
8.481600164865075
8.329081181105447
8.151732099954879
8.039252156785343
8.02034855577905
8.114430427149662
8.198851736434586
8.304455292349125
8.390001339219243
8.449394562916204
8.50915090241962
8.553978415211315
8.655609595071937
8.759499316221387
8.888013654512278
9.042563080351211
9.203286007697947
9.326273984517963
9.502637234631305
9.5269602362547
9.277389669715227
8.989516357682358
8.787107319771433
8.620339911843534
8.516036542795533
8.49466160494326
8.568168094223061
8.690886034119178
8.769703594644012
8.806441885933882
8.86109649260649
8.928556249544945
8.981455105961047
9.05906182001283
9.206464546894246
9.399934574643478
9.620250605888081
9.888500037547775
10.114340560366626
10.155066178173463
9.967534094314525
9.633822412344637
9.32453823023823
9.111071379532897
8.9811558844461
8.947868740378771
8.977074869415109
9.032403028514889
9.10510394110805
9.173086010330353
9.271955624831662
9.34523333992717
9.403017140320554
9.505600623181602
9.52187898400585
9.673909455817485
9.790090660591636
9.901178018809484
10.028244255945454
10.08563532195685
10.083792047894654
9.887505592521583
9.65313119131186
9.462569976952498
9.380646500287291
9.377953997921088
9.437461443020053
9.513986885724995
9.568100942215619
9.615718537628204
9.66355491639222
9.714670603089973
9.780084565653004
9.824264867350205
9.84723894151809
9.904625605105885
9.954793859993995
10.05254721238055
10.14533070084836
10.167359030570651
10.052228696742898
9.94188402246439
9.789047989755707
9.671906726974354
9.620483290382344
9.684377657054812
9.739154488536565
9.799633916430619
9.871769874343114
9.953258070073877
9.987743801747621
10.030118770034287
10.07845655699909
10.099327726591403
10.084866211945451
10.145986214882557
10.246596363740883
10.365814568041317
10.499510080941635
10.628903733644929
10.619264975747633
10.435103519686457
10.193426530645917
9.965332484230123
9.828380463033577
9.722254599638989
9.761439897825339
9.841417119687426
