0.0
0.5049708316112307
0.8013220998854381
1.1732164447303695
1.5589796891986096
1.7471177773464248
1.7815058869571154
1.7918996239286722
1.8641243587700473
1.931288595067761
1.996533733199294
2.047713454194074
2.0955286509301088
2.093306473717993
2.0386921500774533
2.0139230353746616
1.9749648854726458
2.0068350394822145
2.0803368314049977
2.081237655452093
2.0650908314181207
2.0218170383245435
2.0315293704715613
2.1468655475780096
2.2599754990178305
2.3898526721327706
2.50174708478552
2.5705513672260905
2.695814637971263
2.7169592689363817
2.7049349163464056
2.6706981893767954
2.6753182404110873
2.706042890148316
2.7087824626841575
2.8336274890610524
2.888654881659395
2.9246382610231283
2.8852093555723983
2.817927797553076
2.810647593036788
2.8686699381306893
2.9468684168749837
3.043429179885654
3.165959183046904
3.1760170279351847
3.190966858218909
3.2314785846201977
3.265207215163395
3.297768196268297
3.3484185490168965
3.4595728952664393
3.590224162409722
3.7122976050248333
3.69907920204653
3.5883829528937294
3.381988465188708
3.304196278296163
3.2737135658830527
3.356386996638257
3.5129504976917456
3.5677299094177903
3.6492083419989862
3.726597763078137
3.784847706272778
3.8232853983014428
3.867830196233295
3.860210201574503
3.862829551340606
3.8897835001531464
3.9339337003637955
3.941426609177482
3.9404272454582454
3.910169243225636
3.810038993552814
3.720064226225586
3.720068721764813
3.772653382861538
3.8655967182939395
3.953144846270245
4.037956712232853
4.076555027251332
4.13407485422004
4.18962806606217
4.250502269896837
4.261613751429019
4.200595396701739
4.165774435934093
4.11753237734416
4.131869758661906
4.189027747580618
4.2413576097663785
4.254669097576596
4.1372854272418556
4.057061457518339
4.062319219215456
4.153987737030633
4.245048658954513
4.3335375489587635
4.383966707280106
4.456256291148842
4.480594709899124
4.4803226378410494
4.451215328745171
4.406661394225261
4.352056633038974
4.3119447552968895
4.258056166614859
4.255746999273112
4.274862423550638
4.3405462222959805
4.371661486332908
4.397646072455574
4.366388927761179
4.3050563494989955
4.3386340444611164
4.34365769549502
4.410354568800874
4.460285805908166
4.5025598147254415
4.503224335443753
4.512630493680938
4.512604677127841
4.54090417546673
4.532915423336345
4.491468164934853
4.458260345800755
4.3847151846427135
4.4109897837125445
4.353909613014436
4.387442294283756
4.401493782679317
4.421482572376522
4.4547147194951044
4.428748714337959
4.384432110417624
4.449503865075007
4.510166092382916
4.531736895174435
4.603573619181052
4.661636083099916
4.674986001916149
4.649514850064415
4.675260658447472
4.64058089089681
4.6242227955168635
4.590675471087669
4.546236831338203
4.5145477440689605
4.527695591114142
4.487887683237172
4.484528305420979
4.47326489852349
4.458896446308718
4.465631961650811
4.4831055279933
4.513723228341437
4.593470234365591
4.6444103654481665
4.703809148951755
4.724715132176823
4.748701714542342
4.746201748875443
4.7348112012559325
4.762353606400534
4.7547103154613275
4.737721963467646
4.711994010555985
4.709938549700114
4.702669103101082
4.642059715561638
4.584069052093307
4.55112508206956
4.58666923517595
4.544851392916458
4.53493501820317
4.493347926800576
4.529645624837094
4.596140422354056
4.659043007961665
4.736184258376648
4.7972397697376845
4.8205950417787555
4.8218537832454205
4.868830468202409
4.894095354924715
4.92118112513361
4.930721714374386
4.921023816125053
4.9124927690760485
4.886134109271691
4.852461451288442
4.825179810438454
4.731212271646076
4.666573370623317
4.664169128979164
4.722516055282947
4.708537607602333
4.719415227539816
4.748686496468356
4.7650316669111294
4.829722483000277
4.970879574270447
5.015560039771907
5.057533289923341
5.081212258315954
5.07997480668451
5.111137289664451
5.108701399113596
5.083700225039358
5.0932168043390496
5.110323986133178
5.119070807867345
5.135962632665177
5.168039013076183
5.163037618950829
5.18569107704797
5.139332309701376
5.071776196615151
5.069410818658649
5.06331445662252
5.0648836745342125
5.070314736117532
5.054221527768631
5.045922336720571
5.026499262693667
5.056732325677694
5.132203617231275
5.219256925713078
5.273897603503663
5.257464189665692
5.252990584034828
5.2484551017411185
5.241549462997536
5.257984150797088
5.288794824836112
5.309858680908
5.33678674836636
5.29792858110299
5.308701816935275
5.29065608636588
5.268241266913406
5.246987344440538
5.273581536276849
5.318380591772635
5.350964925797123
5.28197246339729
5.204150788029786
5.222901981436509
5.215945378467639
5.343053949197813
5.459764187764912
5.53374343283166
5.595844877700942
5.552280970219601
5.514359162602642
5.477614586976901
5.5102016955911095
5.52266592468387
5.551176759962305
5.530005047958316
5.5454703157643035
5.529869336160097
5.541463639673402
5.552492602079944
5.557381139594874
5.619798050908102
5.617062057721245
5.629036491281545
5.638362960492339
5.593506436071392
5.5286490668433474
5.477334721108116
5.455041853260349
5.5123460329509975
5.567494327800639
5.637057662294652
5.671010365470958
5.65962561169386
5.6395065091547165
5.586842272060052
5.601964931104274
5.624592126039913
5.6520165148763235
5.692243054207553
5.687253879616767
5.7342746139589575
5.804576483662021
5.863089566423873
5.942455942634789
6.04551120886507
6.0885921562498675
6.037896421291146
5.949756634997215
5.87215071329842
5.789962120349233
5.764758356800144
5.812728732225876
5.88146806405688
5.903377798808318
5.888940009383783
5.92718614136252
5.9153013202298235
5.930825002197516
5.938732183810439
5.955343661928641
5.982496421874392
6.028447100068887
6.044633671382676
6.064382112332461
6.069159153427459
6.118034239068542
6.146780539930146
6.226158910373304
6.343780690870635
6.425340955408168
6.446954059404871
6.398996151404499
6.2177474487088915
6.09886485392693
6.016748326874821
6.080248850416173
6.140316114234603
6.20586256284971
6.2310330280675865
6.2968682987140125
6.27974947091056
6.261933790846655
6.253075990086122
6.281927654067302
6.290263748097236
6.329476560133465
6.355695660202031
6.458182831364732
6.523175336698087
6.616280777243701
6.697583236732637
6.694086743349615
6.708370700473763
6.608426407790016
6.558319646279413
6.403885624780073
6.386493755086163
6.344656984205247
6.343090736449283
6.354945699272055
6.35362710656168
6.400812586561516
6.447346646535784
6.431376775018245
6.42271945610243
6.448778636760081
6.495514322835625
6.513473509094382
6.586056569577779
6.6492492287141225
6.7179852861284495
6.72188487107964
6.7099271775164215
6.709370711526203
6.681195959761478
6.614430135261983
6.54403603874759
6.543657971208303
6.555716334555783
6.56809339125744
6.564954190721615
6.545522355041959
6.54128136885015
6.545839825278116
6.529740220773949
6.5672682072338935
6.617513554928094
6.68614807819092
6.7174870582312485
6.772492828985026
6.816554383758467
6.85824593428351
6.862065633392604
6.866203952422111
6.85066382942749
6.8307379551969545
6.693065218896267
6.7182511608775775
6.70375331501515
6.680871278665544
6.7192846119713545
6.726608122293982
6.694198132210239
6.688616613866277
6.659386026001053
6.717369221191261
6.884260008686662
6.969969337286748
6.985300993945776
6.930783322921759
6.918501840760626
6.880488287170942
6.84470846202326
6.8171023977446215
6.8359333757490415
6.834331070465192
6.838600604542054
6.852500313175983
6.902378134709308
6.885445646762007
6.848139742371796
6.872400148791309
6.8553599200951245
6.8943624170944
6.858621874607774
6.790016109087866
6.7799658808616226
6.784798309704044
6.845305317396844
6.925318065677819
7.03539257313333
7.14739785352521
7.206641591351308
7.175088126641947
7.149914192946674
7.1328959459285
7.117835676008752
7.088803836022116
7.047458442784491
7.0928706057922115
7.025013257450894
7.020111798778423
7.045107407801011
7.093133824458384
7.189493020393578
7.263382390411196
7.3669937879529295
7.360566832090414
7.26197691137112
7.112578058735717
7.0292770382973515
6.945543559070621
7.042223913085092
7.101386879043446
7.193490940509864
7.205852202023401
7.170141786885365
7.134787484963496
7.1146348639405055
7.098865007354939
7.114915441095513
7.133511653962648
7.15564418392008
7.17045308796913
7.173473080072607
7.194959082310561
7.276238935981824
7.394865121884004
7.528534509376721
7.541966248017671
7.50585793121669
7.428772337208064
7.3132161181197874
7.183652046068742
7.0937195739052346
7.079286796393164
7.150484493149187
7.178296905222683
7.185458659812293
7.255671847728437
7.2925734026267275
7.338841243599032
7.379189015906587
7.403997026180769
7.415007724679542
7.414814800589185
7.446149463881321
7.471466995651151
7.518992715646084
7.58162919571062
7.556504948132617
7.520577743958917
7.513677905205622
7.464909567114029
7.463261955795207
7.393778230916526
7.370602159213575
7.326488399018188
7.330566314607013
7.288850549675677
7.304705500424333
7.400525203649587
7.496535159290093
7.559574244525111
7.6410358056527405
7.693857595262448
7.734318213894604
7.7598193820235
7.774690688391468
7.735533284334729
7.741436250314468
7.73040096593623
7.694636051631032
7.6469536730079275
7.575788793942831
7.527638821842055
7.510591676758861
7.551531656191992
7.513073555005165
7.482166427645092
7.533245190277149
7.562545738294024
7.597683751518439
7.660273977111835
7.753801914990559
7.779684081797169
7.791256090911352
7.813812648863041
7.798737858135544
7.804851444478974
7.765913641572703
7.787729667374543
7.8040731061134
7.8355621047657005
7.806328001103729
7.790934285659016
7.724652850574821
7.702307264122342
7.669489816080685
7.655273174224517
7.63611702168626
7.631608262750587
7.592948980626986
7.582691193073153
7.5742100152378695
7.588399055658238
7.696419339797154
7.788881346308824
7.830424172548946
7.818364081362184
7.806608976170219
7.8033834880453705
7.801705399277386
7.784282907480144
7.795755420229783
7.793026183455604
7.808657917195438
7.857350761562629
7.843542114791399
7.833679829473171
7.855348556894588
7.84971146040771
7.842832743817865
7.794059644938799
7.7800854386999365
7.723065989726593
7.656150890745037
7.681822320677961
7.619371466913466
7.6600279093690515
7.695311287173559
7.719977026111897
7.7538757604924315
7.79518059865544
7.851065959319232
7.834651049889729
7.860266461934614
7.911044436737467
7.975245820218149
7.978866915407671
7.971451079972305
7.975532730379734
7.995462321538017
7.928335821799223
7.88410024594363
7.909378162441397
7.814697978369933
7.741452641228807
7.780653042353515
7.765992980812138
7.773232990697862
7.746408561920475
7.7345224211349874
7.737859687993584
7.726006091137614
7.7363552122433
7.779800712768776
7.83571705900694
7.870165756540906
7.883555566892145
7.915533138982405
7.930122028681642
7.969953084577499
7.964269485681372
7.987740372160528
7.961253583287603
7.900015587550126
7.868453810424185
7.867635040779054
7.860122457225152
7.8197991666752005
7.782923371845774
7.793391669890546
7.78203906346603
7.775929116882973
7.8010816841045045
7.8025343894982795
7.809989272373845
7.874093673961677
7.896692358910793
7.960824648618733
7.978714863280439
7.959872580017612
7.945284393921714
7.931052177578022
7.915853630382584
7.919841731048081
7.920417833686506
7.90265045994752
7.905042738244367
7.916704228077627
7.932093236538896
7.931063786613392
7.868144148533028
7.807164084928669
7.784957236760913
7.795302534260512
7.772434693988265
7.7881623927878705
7.763130550546516
7.757170849385684
7.759446213434019
7.78067018427882
7.807113251078068
7.875316774029508
7.912222012699956
7.957475018709776
7.975533011450119
7.99505198503992
8.005862131878542
8.013082056704716
8.023502687348072
8.015612981552323
7.997055032942027
7.975006403470858
7.979782368259585
7.972815640493348
7.977577538026247
7.917865062195025
7.908102938716462
7.892925833203846
7.887652215394066
7.834149093921943
7.81588481427425
7.846412089858878
7.875669329480015
7.937682441477217
7.911220023410628
7.95368374503339
7.972866931547705
7.96475650133415
8.0005847514493
8.009948538356198
8.00684182654389
8.018117621658247
8.031497369139943
8.042318268964362
8.021746851139392
8.077566470647815
8.090686927095009
8.071670838187663
8.040283389235695
8.001258155624798
7.968014431528862
7.954405248087368
7.950516372838981
7.926370428322102
7.934567142864547
7.944546566858818
7.93099983344226
7.916137459639679
7.909540058994618
7.947986514098778
7.980466120252442
8.028098407015682
8.085933062466303
8.098525003749348
8.096806757266938
8.119621940757627
8.114788498788121
8.162855151198302
8.172453963464783
8.159727053420864
8.156075967905489
8.134882392845638
8.08977109063862
8.0388594986069
8.03031531668167
7.99614689119811
7.98620078660386
7.986701966682245
7.977401353910427
7.955360932234698
7.992911988602991
8.030788823550129
8.026422022259325
8.036731176038774
8.078919938595272
8.08369457219257
8.084151502093754
8.0775984497992
8.109430120321228
8.127360459757291
8.174437974882922
8.188918340265133
8.198177809607564
8.210940431986746
8.166582301255348
8.147617622329156
8.191358140982153
8.116978015655294
8.078572467110838
8.026889888497795
7.988951177546835
7.961984564260012
7.936309262612426
7.930573064630204
7.953118493981323
8.01285777237471
8.087881184593893
8.148897370870255
8.243166929677091
8.30440618712898
8.358831806915202
8.414508254435434
8.426823962260697
8.424498898189732
8.42095110982643
8.382459074864629
8.364222052373657
8.26112625414636
8.19638650419087
8.171598700805719
8.159067677253015
8.152654749338147
8.16504056667617
8.150201925474455
8.131314691644905
8.167192627322132
8.169296681279949
8.170666948351315
8.213377492714832
8.236165887403061
8.22322498957919
8.213966232327579
8.243864046206163
8.27930821278859
8.276534359559905
8.304757231583764
8.322717398372856
8.35048995368608
8.275379197211942
8.25743453048788
8.216953329777137
8.161234027343525
8.157634295453626
8.19176867978571
8.236686777640811
8.22981057791296
8.217250247092476
8.207835828111058
8.204353708486558
8.245615588730843
8.336720970332378
8.395638829133244
8.416472396525837
8.410502479608482
8.3711969465817
8.369879597328268
8.380192456497085
8.407008212831748
8.420040186322714
8.440853086024553
8.395617613240548
8.41016484000536
8.381977740739801
8.378130312674042
8.394803216609985
8.355272242211042
8.31041932201205
8.242229676521578
8.160035044496945
8.20077743753352
8.172089768990164
8.220784627671694
8.24931759320198
8.285592200459005
8.297619641756325
8.341375742841082
8.38601426909118
8.43298631952994
8.454862389039269
8.494267641639173
8.500906464062187
8.528779433069445
8.531759189025554
8.514909011228692
8.513571754301804
8.503348708226886
8.44533228857861
8.409664850584857
8.412473115802497
8.454086844410725
8.44543596780118
8.417786334664454
8.438307213813205
8.415779554443917
8.400302834186297
8.400409867897674
8.408303793993053
8.427119781818028
8.480333638146575
8.55563145468744
8.632229855887365
8.640260699434823
8.608041158876988
8.58044528540166
8.534457712978899
8.505755510921805
8.456989167495331
8.46314151764741
8.392901415404193
8.360732240323461
8.360185479157906
8.330908187649664
8.350888869324375
8.368720286513014
8.472210845264017
8.565822609043414
8.599820561221529
8.642384514132576
8.656842616597677
8.6749602243635
8.656893250224432
8.621802887258438
8.595539786900709
8.638473849517846
8.562016951210795
8.505234315734215
8.531016315887468
8.546397176273592
8.515704999766912
8.53831474520347
8.521403802625894
8.45950592241815
8.463863706110196
8.396480308719433
8.448812930893865
8.55444182133021
8.625444314789387
8.71619237507066
8.765785985698463
8.743051293854712
8.684222799963353
8.672632667064892
8.62176195853719
8.601419456915597
8.621444649714302
8.635327617723958
8.69187642417931
8.717898912889245
8.694359660037977
8.680162816992276
8.646038855302194
8.608370867010287
8.574858838135295
8.543515550378807
8.557967336000809
8.57110781606769
8.621101954544908
8.676726714085511
8.64530179502361
8.65693162753631
8.637146412972678
8.638799599309467
8.634045376428608
8.65228228555708
8.660131800673703
8.675716757467406
8.679540677360636
8.69251383739531
8.734133166598914
8.746003282832218
8.783288762908535
8.789123737882958
8.83948407186685
8.833976718831085
8.803917628583676
8.780598388082351
8.74423655042912
8.670768959875561
8.598371399957033
8.62937395354381
8.601735836547533
8.63750228877732
8.64160917846105
8.654212325341916
8.683122815005401
8.724133134776464
8.737696998183425
8.758633228479265
8.769871609928426
8.76285173368978
8.785073322563962
8.771947644402927
8.805345759354397
8.886374134751065
8.903922827441903
8.926135526031318
8.945828666314888
8.89509374415984
8.845966217263909
8.82397383996175
8.835804074189394
8.767337492915054
8.705677669387903
8.689293988362914
8.68837873598494
8.732912243343828
8.720809937151705
8.740210120380894
8.772789197793903
8.796922503678285
8.808137084903464
8.792664449671651
8.807018984742305
8.873644590417292
8.891075773825152
8.885181599124042
8.885967334973612
8.89340025926602
8.864511683758911
8.873107138367978
8.905197433057182
8.885516298628971
8.83651705540957
8.817688264159889
8.823433673728688
8.787952637844448
8.752357303329118
8.741648679423102
8.739766257128172
8.785835317394731
8.799834263998422
8.822799907633186
8.817008522208779
8.817696416290941
8.800655793347161
8.80790352012695
8.800966726413467
8.812172801793812
8.839215498522012
8.832508360055103
8.851956824146878
8.836168954297642
8.838687651284992
8.825562776237629
8.8179772816241
8.83075176092427
8.862132410547721
8.88450110582289
8.90636927631676
8.8755578343498
8.801598779046325
8.80127163929089
8.794968130467709
8.814577834986244
8.807848155469413
8.811694598771323
8.838878242079934
8.863689578598969
8.893552546766164
8.930759855556147
8.955101193424229
8.953426653145296
8.96630930668288
8.973993052642191
8.947271624489119
8.913537717657682
8.922611302171383
8.882677225022825
8.904914867067143
8.948071767434987
8.952510548661984
8.9412996971385
8.880362886145052
8.849772171158698
8.878778098417964
8.884535873012906
8.888772539966311
8.890878309874196
8.895586088037955
8.89976598630007
8.903391151886431
8.915696808536328
8.940197816543366
8.97333882978971
9.043063603635371
9.059383988283482
9.067757781233054
9.048254802784284
9.077679338509174
9.114192141914822
9.169652061439479
9.187131902350039
9.10112388790064
9.021490063991445
8.942819885640805
8.917938755239142
8.890253359052647
8.907234108688458
9.010561152360577
9.010546797286631
8.97329810006178
8.990223914144813
9.071257031867372
9.11608037724612
9.147208034296439
9.175958226496766
9.196681862759625
9.215376690003584
9.208042703730463
9.168843764788681
9.119116464235132
9.08470214252381
9.097969990782756
9.149441785326902
9.188940406340155
9.194567671107844
9.149278727004775
9.108708046669056
9.087774060414917
9.101315525687564
9.15027789042869
9.225758774364024
9.273368595489952
9.32982773443041
9.363869077013947
9.37829814333285
9.373413736682119
9.335973944651705
9.313185106473354
9.271537368846866
9.160350408108613
9.154974586939309
9.12366300986388
9.097461879653531
9.129970649313401
9.108171170491865
9.111506799375723
9.14136975735163
9.14747311830164
9.19371786128464
9.173621358654517
9.180075288039452
9.183217000706334
9.190942966815134
9.177486625326543
9.163606728453972
9.180788202511058
9.196622476431418
9.185692720552478
9.174960596161798
9.119602413225635
9.135062163251863
9.09332227964929
9.082437912359982
9.037991230780388
9.038517805182702
9.044968212666415
9.045018413777715
9.086639358525218
9.113601126579454
9.13078012432385
9.154206095259275
9.198547157346596
9.218553694676853
9.268020072259654
9.202178670877204
9.174153694673853
9.128577171969358
9.128921278494529
9.134360304206007
9.171773077694816
9.1570930955217
9.184548679555467
9.152719045519031
9.17063527858921
9.228883888264471
9.311798906409374
9.293746322420919
9.290926752878162
9.119963653550847
9.030630291188821
9.034313019134327
9.07509297351305
9.152060831277977
9.20918071525007
9.211262821550852
9.158076692799822
9.117229966184398
9.1486289349605
9.128801901929982
9.110223779220703
9.16869343474005
9.175775028554217
9.181612623936932
9.237078951994866
9.291374845279682
9.347496054360288
9.385991990268224
9.406804127170794
9.435304011360891
9.403192542048615
9.337498557791239
9.283930305968028
9.292723252151458
9.253811324018422
9.20623878910041
9.177671863332627
9.156911872399617
9.141390245170312
9.178327941447174
9.225652428665773
9.318536897362538
9.346554301764678
9.35963413399254
9.408340068119546
9.422401925710036
9.44006743333167
9.429912234661334
9.47139772941601
9.510134952795902
9.489066429537203
9.490093521786571
9.582455240334742
9.575649122574587
9.606501516462847
9.525727891579281
9.392983755090786
9.28217857188007
9.277902659138737
9.271989233915576
9.296431749561636
9.332517208508728
9.381174507620129
9.439148873822147
9.474858882892201
9.529047397638978
9.545517919161115
