0.0
0.5655974028012445
1.150887090978116
1.7728270251766296
2.2329904924854835
2.38736873779398
2.273114407807792
2.1336616872736904
2.0311538234072084
2.2167620077263424
2.5180735195809882
2.853531640088568
3.1644660859434754
3.4180389762976833
3.604776559211578
3.600960019666751
3.550087144615476
3.4396344518581787
3.3850087162665763
3.5582840405648097
3.716240012660011
3.7982964195046818
3.7254850919620113
3.6071809621145623
3.5973496168203165
3.7109876646418707
3.9522341407271417
4.065371639251339
4.170393798407352
4.166016784589968
4.261925809200622
4.338362800976369
4.414499760913809
4.554274398505368
4.688057664132067
4.8642883600261495
4.825872390539184
4.697269306720088
4.564880433871481
4.655121298500907
4.806749339331326
5.021575835940392
5.287016913116755
5.479400969737145
5.58351562755176
5.529136131954948
5.550795478128884
5.509806752418615
5.4444448482208685
5.406059442523096
5.4303433338859675
5.4503582831159125
5.537250316523581
5.532852720066293
5.467010668298036
5.479918651654318
5.534011292689208
5.689543543623165
5.83441199984036
6.023422339477268
6.124356701563867
6.212243995049621
6.192070542302834
6.17476901269695
6.1658775188607455
6.121572932683307
6.209394828868515
6.221266531960408
6.156859043955568
6.149340767758727
6.121789329873432
6.133051245722098
6.338908747719607
6.492890310340854
6.6040786544609675
6.682592091311952
6.69054004670052
6.613746761671013
6.4538160824717945
6.407257608175585
6.463022284911986
6.542716715907536
6.599432798874723
6.602518588239699
6.63190123341641
6.786112029458229
6.974537721085445
7.2426261454725145
7.458562084288009
7.552996923054635
7.629262904599964
7.537959372303605
7.416929763718855
7.278832305506299
7.20028173208625
7.2575291691026145
7.278844419981277
7.220595477512044
7.125789279957165
7.247546241654254
7.451227601130251
7.777995896670194
7.994974520429884
8.154119868841793
8.278002715173987
8.288928251802902
8.263682805459673
8.1111289796722
8.026900077520674
7.9933299667952324
8.009649820578307
8.134068496567759
8.15376504573414
8.132767516253388
8.09378230847536
8.146873636914481
8.329966448325457
8.562719304116825
8.831569135804978
8.954592437071286
9.008865798693554
9.022422573387514
9.040498506794192
8.943301480007262
8.805952314309081
8.72200687933229
8.794844388778413
8.892550949074998
8.899764870028047
8.752679826784556
8.73499737075792
8.833739140865978
8.935907606219073
9.182979760973911
9.404545027875727
9.532245810520022
9.63048542540081
9.652301627332669
9.596311422977136
9.406279928599645
9.199411480461455
9.041583852270952
8.946096081070717
8.873935584458765
8.934716017490427
8.928752894483564
8.857268539356083
8.941040380877737
9.151776644905695
9.361786347710872
9.545828983525102
9.689688924899066
9.806641728540455
9.885383227812495
9.750311952384177
9.696132887963957
9.671148350888934
9.644150153379432
9.589606427243012
9.478580489631774
9.428628769279664
9.326578361482243
9.26006895054537
9.288690628892914
9.46181027631129
9.623521268262948
9.746932727891378
9.889277245445347
9.982109685327046
10.066054314217988
10.091227823146676
10.165163113455662
10.23780591248492
10.285060920832933
10.300834470889399
10.257119939363795
10.136277246045838
9.939301654409576
9.729643660908524
9.680045181174144
9.658962694746572
9.70266613434839
9.82233841845902
9.965764032748979
10.071099405624512
10.162242904185888
10.232052220213099
10.271507798728663
10.322547561174423
10.457549306842214
10.505560321736503
10.47511187973653
10.432829629076748
10.309089893041511
10.195854874907287
10.099556048147821
9.986503262179218
9.978411349073214
9.992347232602452
10.055853695767594
10.154673908430146
10.24233467450939
10.398449563403437
10.539071287838931
10.662838880365756
10.69541351859517
10.674675474725905
10.659403604957191
10.531013117571398
10.37476676766044
10.359691546155307
10.235423970730764
10.221290794990372
10.19234296723846
10.22181629359425
10.218172789070382
10.278231182690298
10.40489686887699
10.467820096804791
10.527122415559322
10.631561746336708
10.70244161626041
10.742314335593681
10.699623861659724
10.678774161244462
10.642557885779075
10.510922471530597
10.438604232922891
10.37102271480025
10.33066608569953
10.26530568108773
10.298951688231147
10.348927072794282
10.406988670289348
10.494830914508235
10.67240702601369
10.812617730619785
10.93423879624725
10.97613094875635
11.026409236878408
11.027595214076529
10.894974712076747
10.827101451856457
10.737633000121434
10.735705101813407
10.673705734073861
10.603474740570435
10.509290172993401
10.579548526303105
10.751130989294808
10.948513848172242
11.113712453380716
11.327021405402736
11.354578436001525
11.372734219459707
11.368357399762566
11.371874675037404
11.32682364820811
11.27523612743512
11.050625160108314
10.94619961769
10.972760432282861
10.94126314056085
10.847912744929982
10.823579245650336
10.794455662998413
10.873638861546782
10.983517018664907
11.124849547541949
11.229304776024614
11.275551096485811
11.371522595791744
11.3735234058928
11.396143592909464
11.469860275607516
11.475292554427394
11.369472580090486
11.233613016536314
11.110395885644257
11.031081814416877
11.05874246162312
11.08109704189807
10.988682442265201
11.034549613294688
11.130974398224282
11.22054658228199
11.403325791747598
11.550390264534535
11.705198153409151
11.798856347710643
11.846890659327022
11.750226743303417
11.68590898098336
11.61247473961779
11.48490273819868
11.392514866097178
11.293758940045931
11.306727521817303
11.30089006047963
11.251665750494128
11.312108686385953
11.387720168903472
11.517666575033726
11.690077879912973
11.794252409093719
11.824709199992528
11.918702136439823
11.967899616063523
12.0244281449694
12.111319673538864
12.082332712574186
12.051405711437502
11.954999358877895
11.755567112878655
11.60491068674575
11.504300169997896
11.456795271494112
11.465351604427442
11.451589560784349
11.550286766384785
11.702750080358298
11.896179079834992
12.070847059985757
12.232674073983295
12.276411079511204
12.389647219359604
12.405319290340424
12.44099497592993
12.420199280920885
12.381768713620033
12.290392278476649
12.11461386957195
11.983652556262413
11.952903401458387
11.848464310959713
11.749190246013853
11.71875692106998
11.694934124047506
11.829644547902532
11.900152277655073
12.045234423906393
12.13053099076045
12.273460445695623
12.357494581926433
12.46371724142359
12.506105402098294
12.527753406851865
12.564039747106051
12.550122203474201
12.470827017982955
12.310933288132187
12.142927642658213
12.005980110576049
11.90356715034194
11.897899477420783
11.960534947033613
11.930668234504871
12.066941722576445
12.18347787192822
12.33729226824937
12.5232812328388
12.637496647765158
12.708926822853089
12.76535606675193
12.774670380590806
12.79267020092623
12.756439977417964
12.694448953792712
12.537193635725218
12.364793253625997
12.210059431019987
12.097480013544507
12.054121518499592
12.011272798979121
11.980963073526098
12.026569965140459
12.143452074081164
12.325189822527802
12.487605977133672
12.575425345188945
12.649715950514295
12.67478374874274
12.732740188286119
12.774351410697017
12.800980084643276
12.751455725004249
12.6865520197739
12.578309318416958
12.498234645609095
12.429385200557691
12.314402902053233
12.228645381852676
12.230317177847017
12.177140913440368
12.183722358517448
12.28961920191749
12.43718354028162
12.636368530296238
12.79856799159067
12.935138000844963
12.985039418550084
13.061837266792196
13.103132793502942
13.126474744718887
12.99541011462407
12.88898767978827
12.777627265598408
12.669942345405147
12.599952574323112
12.615891754955365
12.543778165517049
12.592945462688133
12.571339088458235
12.68718076912865
12.802904216061764
12.913779074090952
12.999797543653543
13.078345098816353
13.10187922987037
13.145281023542303
13.164991892646153
13.218722356848227
13.188181157670988
13.080701925844105
12.975051717540968
12.912524742006989
12.790877500041566
12.726984625298028
12.679581535072497
12.720184126189977
12.742502574454853
12.839098595434244
12.932247514399563
13.040125856254502
13.116329186877833
13.177450230757229
13.213408548271683
13.263241759953345
13.29023485899135
13.324397669593482
13.331043891337373
13.337814525945452
13.317594103718859
13.228328802310951
13.106649092033134
13.022619346097226
12.976372557545108
12.960495984979591
12.929072213012175
12.946792129193112
13.128152936112627
13.278446947840164
13.270744975712125
13.32899523570003
13.358664195400067
13.311990241004805
13.280978397149195
13.254358242918553
13.125500404693701
13.078671149389253
13.029389308268227
13.043459038462817
12.989381860382538
12.930070903806918
12.95375324851401
13.011742563586704
13.047102669948886
13.145789096526252
13.151954133010403
13.187338579513657
13.214320167294174
13.250472161307153
13.210369220016432
13.222098726778846
13.22924994088311
13.224850229199463
13.165307622211795
13.22523878962613
13.189887888232393
13.150308886296765
13.132872628766858
13.098005655100087
13.116816362953264
13.182819897075325
13.252316980554298
13.330028085275172
13.419512004337076
13.509852148463873
13.601413690296821
13.67578072192572
13.759196359277292
13.750797883397514
13.673265868667423
13.55535723423969
13.419768391113301
13.329534799810714
13.281978786473628
13.240934420111609
13.226492925312312
13.17975599970812
13.135345280878134
13.202253695313917
13.338211125255185
13.477383031959633
13.560227346188897
13.634783634208906
13.660862200080711
13.631627600825558
13.662857547132875
13.669334205306932
13.677526355426194
13.595494462595159
13.479087028789403
13.383461748079853
13.297993979108433
13.258228711636532
13.222690391761864
13.198017113387198
13.222159293433004
13.338447166099085
13.464585724749547
13.53912222708058
13.621343675048628
13.67561099054111
13.666160409065842
13.641093555941142
13.602026743460376
13.518546684820597
13.496628327662972
13.433356499223853
13.4305309664081
13.411566445958421
13.293879908632189
13.2164050052111
13.284916826991028
13.43643449978001
13.608430371224587
13.746029528956177
13.871112906674679
13.980985611838317
14.039747539710218
14.073333280390315
14.063131385727994
14.075195505644345
14.07106050385017
14.050407499197481
13.950862818896242
13.82093567912578
13.701725994400114
13.604327011942644
13.521088300101855
13.518563437263682
13.550312572348098
13.613315745043915
13.727016855229108
13.857353982746432
13.988319521872441
14.122225817789193
14.232657891783388
14.25766122544228
14.250946743669427
14.230284801890585
14.052145019598912
13.953290374591237
13.833318504354624
13.773077408631046
13.714018453024815
13.661683237293387
13.686091571239366
13.716949164958764
13.78757898674042
13.848716525128147
13.977151061034972
14.107077161388297
14.162867363649648
14.231556944504584
14.239870940224161
14.317673690980598
14.331704904678732
14.327406201223763
14.239386393098842
14.099220970473679
13.995438997351554
13.870999488138834
13.884537042646068
13.908971286233946
13.986651818385502
14.023665766954538
14.187989490359628
14.314955548179674
14.407289336381378
14.458208005684018
14.521731899344696
14.562640074820342
14.534060606546724
14.382484754379144
14.250628652367265
14.024745600906304
13.897577697971549
13.761652353916972
13.757920752525635
13.782304556112873
13.82571698095755
13.932316476344925
14.010275422240651
14.123057898301584
14.216787160843936
14.289446233932006
14.312147000113912
14.404317893197732
14.462037430399127
14.487255907935689
14.504328068661925
14.50246278160279
14.430139713339146
14.383781506529559
14.288831248202289
14.287752100878459
14.214379999464052
14.254331050727284
14.180666796993677
14.192855351862244
14.195349482826273
14.2522709314074
14.324631461992274
14.425670043919897
14.514555240305667
14.558299090953781
14.565710987596423
14.571250366918648
14.481235579223958
14.40013063545213
14.373008858564747
14.265081264961388
14.223254829859751
14.138375458099633
14.079167944298096
14.08969414474241
14.06464179305816
14.095655396867361
14.166721179940051
14.234594808066964
14.31226295279685
14.390134395914593
14.483731517580987
14.497648272223453
14.523096452152291
14.600852902377431
14.653738173367161
14.713238827727269
14.677171443027836
14.559254168437132
14.458176804102248
14.395959687911258
14.301140631634343
14.277374439565369
14.210800366493325
14.245412711123745
14.197531131063478
14.248203877989678
14.35688233535466
14.464006961172391
14.523207801081934
14.592125773312624
14.669537086918792
14.692524261430933
14.758177954874474
14.776359821865878
14.747408476771172
14.611264354841351
14.443169190910528
14.309187491458427
14.266564088622749
14.20671600245244
14.26912703426079
14.286929087689687
