0.0
0.4702741815304771
0.6103378960958478
0.781778883529105
0.948844305223591
1.1128413043328567
1.2658372518436771
1.3711916831836473
1.482741466199952
1.59896914204994
1.6964636129486317
1.7053426036222035
1.7222473739191646
1.7181107249791112
1.7362698279763504
1.7391406346319243
1.7499934123571623
1.7759065819506699
1.784546621226957
1.7873131249391123
1.7811189097560884
1.7788298142369234
1.7796345112922023
1.8066877380477104
1.8201612867047186
1.8254425977449615
1.876864414225004
1.9164134299148283
1.9756599075818175
2.0389023340361696
2.1068034906568394
2.1647451748586177
2.2345269418740195
2.2752766627362053
2.4315994514149266
2.5591729982766163
2.6695665264499246
2.6865848271228736
2.6456450295493945
2.6660191008546876
2.67188376767398
2.7466001191312115
2.7893592254008914
2.83637583604426
2.910929723821612
2.990596742785267
3.0259205658089714
3.1065690674274724
3.150254579076052
3.151398800051895
3.123013856513521
3.0763848227466344
3.1197533434994837
3.2176813002673734
3.453309955851944
3.698546402923395
3.8506272022406196
3.8225384204674033
3.644883322971424
3.5602102762976
3.5763178414340326
3.6382455482781895
3.7977112658267997
3.9607231235658213
4.0891435711106885
4.033181700724979
3.9899944071613365
3.9398146722848466
3.944414012595695
3.9413047720977556
4.021520889383959
4.140390971293088
4.239093283242543
4.387124255014029
4.436782542691428
4.422300843882785
4.325469920059813
4.2753701800714
4.305722519680009
4.3990080694298
4.472061759179714
4.541644548461752
4.553744307384016
4.555232255843932
4.568984925700586
4.5864658226422215
4.603219379543689
4.71270291242664
4.757380397802241
4.813808399001751
4.887487655762013
4.892782411041648
4.874422036608375
4.851870797018573
4.837645280805916
4.848004695690074
4.8644285164394905
4.941318545214556
5.009129221435054
5.005346799599009
5.023523304146496
4.9967336730985075
4.9942865340528355
5.029987982986136
5.068941874227978
5.08550199622172
5.065682349637836
5.029377267641103
5.049427529215806
5.040747365310277
5.087807372948441
5.106808705975573
5.148528523952155
5.20121993144463
5.305472737314191
5.402468262915476
5.493331787267937
5.581928488631844
5.6096495240828075
5.6202402193696965
5.573012880165981
5.493613224890559
5.45603032879646
5.46532653369791
5.462300352869461
5.5060996967513764
5.474246774689127
5.455446646200157
5.45066917443455
5.513322786208966
5.636741931434982
5.728875460790113
5.808891108391884
5.865702685343291
5.882347818395561
5.850229013447491
5.761089805484694
5.756720148634133
5.7953412532463515
5.93849033326268
6.06708171290151
6.034294053543368
5.850383795194535
5.693391766649289
5.6833234681872185
5.769076521813104
5.927147180004807
6.142132457895583
6.252620956857192
6.234762840523476
6.1452421986476296
6.093680358865729
6.080593512212532
6.128077124057309
6.276894783641338
6.442676222299407
6.677248519526242
6.801843940038544
6.567269139303743
6.321209457521394
6.1783607804998475
6.164317580747221
6.294952112674382
6.498862650560443
6.694085356703243
6.629783325450931
6.526668327730619
6.477493865361159
6.499955735580693
6.647937145609894
6.837095700591871
7.15840288341439
7.394629035478783
7.534518867503499
7.206317292797339
6.91752959241523
6.758327039164934
6.707436024218951
6.797577450081431
6.928775903223971
7.079264626066115
7.027784930680788
6.9734459559014255
6.937684473338626
6.93854749963241
6.992015369515547
7.111992483339473
7.282502916465687
7.385124830071396
7.467959928837902
7.312188456280279
7.14988816126331
7.037546070462721
7.012325198055371
7.007256274914174
7.081132514544561
7.108219210265668
7.095326005919925
7.1637200992685965
7.179172080610215
7.239744612707843
7.318379620461334
7.433255106563927
7.493672626870754
7.47281519285402
7.453201641630141
7.417915376404073
7.420104613925687
7.373882919235388
7.36753706223439
7.425542286789983
7.488110313568307
7.57801449767691
7.620525734054314
7.662132307516895
7.656127750643715
7.641450376229692
7.623630413920541
7.568504740295703
7.487253704980046
7.4478842043065825
7.467342367092684
7.538389715003033
7.592057255144502
7.638653667620869
7.6191944588333005
7.508867448434232
7.467730735119829
7.511108728975669
7.625999281912081
7.772710769993675
7.877818905085771
7.845349934187588
7.820258453310746
7.801931620972663
7.778650355571987
7.763148787397457
7.706845472778596
7.684973454845103
7.677986239336994
7.7430411717242755
7.806330083188818
7.893019755810111
7.960872475911863
7.91950606558775
7.790405290358553
7.681711502678598
7.716694740000547
7.779554541955292
7.9147552984521505
8.03536862561386
8.157610958095809
8.222702308000498
8.217703562885989
8.186766823657047
8.157852177057377
8.074887933659118
8.063345928425582
8.025802111449279
8.038191234177416
8.06528001440577
8.022388960556228
7.975137125834853
7.996586944833166
8.030418208436787
8.076377766826084
8.16970168572611
8.280019590281366
8.31364557626427
8.33128772457875
8.33293634673325
8.301016551064388
8.301863278297814
8.285216384248084
8.266518906718929
8.246594994321425
8.249000213676563
8.291786456228314
8.309989903291484
8.29605090513522
8.22678427501272
8.242224417500166
8.228342373649516
8.2478672457452
8.302708305680722
8.354417884720005
8.390859845944515
8.4153307026307
8.483433848901752
8.509331621369293
8.501528393278765
8.479530583110265
8.4142398511482
8.331092153477007
8.32446418363315
8.358648603304303
8.427646164099496
8.491951901539919
8.467579481466768
8.41075896929641
8.369563396888772
8.37392031653594
8.428755428657007
8.51831426931485
8.582641015018615
8.627011003396824
8.691242275994965
8.728138917943003
8.7009493870409
8.68066165508663
8.654140524754913
8.633267087654731
8.563078142529857
8.526270576730463
8.523031844978977
8.556228935697025
8.543172699341875
8.525900601556149
8.5144431995151
8.519895385338222
8.543507164809307
8.598712648590547
8.595474124369805
8.626756383528335
8.653065443725366
8.697179245968869
8.765333922923563
8.801028245091205
8.819278007617456
8.815826868639414
8.807613096621308
8.769880991619969
8.72962156360476
8.696985887428031
8.708011981015604
8.709365627783274
8.729578533807839
8.695386393109521
8.685324893897143
8.699368786850219
8.728352666658315
8.758830702040225
8.790065614253347
8.820150210737074
8.857159343866797
8.87058836457251
8.871207385763507
8.875882802385927
8.873073543279475
8.828907341179479
8.807948903676293
8.825780565747019
8.820103957960955
8.833529035925952
8.844322598712136
8.796818523454894
8.76403758056378
8.768308298624573
8.758914474491517
8.776676397667853
8.827548574442785
8.885395094959831
8.867896950004525
8.874848756513522
8.899361249896934
8.91319587507359
8.948392653403367
8.97529168627981
9.0033121602508
8.961002373073077
8.920970550355946
8.942937607769682
8.919344935496644
9.019220854313406
9.087729901863767
9.134494423019248
9.01192808543615
8.904274739833795
8.865280647510854
8.864329102973546
8.921212104798538
8.991005303415957
9.070537943816744
9.134825939907428
9.147279938797933
9.126153829741149
9.10280907890315
9.019467253664052
8.996634934110505
9.025720706465899
9.0707542309877
9.126280123706698
9.230597140354286
9.312136681159842
9.284994579844382
9.180680049549588
9.076817794231298
9.019324936979114
8.99080888820999
9.0210612752949
9.04965991533378
9.093486821414162
9.08555207060292
9.066310641085986
9.085342443454877
9.110666756426053
9.138770240309237
9.197392964631366
9.26091145575325
9.33324810037437
9.44476198057778
9.5136256327081
9.529474861330844
9.456903927725367
9.34948991237843
9.267164159163487
9.218438290042688
9.156935064890341
9.156990559032655
9.129117204130784
9.156976564453586
9.11828988211653
9.12669222930407
9.190424010555741
9.25227721722168
9.280812933794945
9.34756909845836
9.425632808942114
9.460625818446326
9.530737780868739
9.59497712579706
9.659420527441668
9.694490858761082
9.692164151811582
9.70184701392442
9.631199789042679
9.596543511555096
9.461253459975106
9.403680702163625
9.358796951610234
9.348244853553332
9.437935101589996
9.487625862349285
9.53785407919179
9.581092413276851
9.6454482837933
9.661285263541417
9.67976490264654
9.70429989434049
9.716008238066802
9.748799559521055
9.759625457198194
9.705561340639536
9.698307006471415
9.683105524710504
9.64490333874767
9.629666457623705
9.608457630294023
9.541330845949659
9.516163379570745
9.541790020212273
9.646522246173726
9.766819348815295
9.85423809382086
9.911148984602542
9.945084121613823
9.966622089815589
10.004804260607917
9.990764448077433
9.951374253132391
9.944530743911242
9.870171174822602
9.805080314622163
9.775243017771746
9.762149663171128
9.753819099066073
9.78543057928384
9.756017267636093
9.642427732360304
9.626069509031886
9.63793533623677
9.713971991054665
9.847483948716514
9.978898209484736
10.077778894733145
10.104262580590937
10.095312862546924
10.10953643351849
10.123910273542496
10.119640616638929
10.107430460656598
10.059559851436896
10.020496846630982
9.964922764457333
9.948893144261863
9.92164327770917
9.921331902908056
9.936980314189706
9.94473749161097
9.871880079837833
9.793060627176244
9.77857595986079
9.849370240550732
9.935970845968587
10.025306747780606
10.09343088438649
10.142298316036744
10.15967999353988
10.17311382460261
10.20000954993943
10.234601607341755
10.271031880714022
10.279665871046868
10.252593380706736
10.241372140969382
10.220534788013854
10.164193122998059
10.101618669130326
10.050644142948723
10.035161137509165
10.005617775865806
9.992354851402347
9.989173663352243
9.995671135561349
10.05855448753135
10.091542250646352
10.149320233108275
10.192229099990394
10.233437290248657
10.268921085793348
10.280346494278945
10.312976013123524
10.345693492362908
10.374215212422023
10.355721403428575
10.321029807481718
10.30090755830464
10.235246064302068
10.178557686386439
10.134180193098727
10.074746652424269
10.051552263642135
10.048015412750198
10.03790979515931
10.050921451119928
10.106536078725338
10.162375009559447
10.215580640213327
10.249075405885291
10.2899963147398
10.287635811260014
10.286855376124741
10.325525298115533
10.37458535699017
10.37683616833153
10.38274128530099
10.387981636342731
10.357188908123739
10.346062779748825
10.306944483436995
10.2483833943749
10.193233617049433
10.150150477230873
10.140002950624936
10.154212775046672
10.188004619881406
10.174078966978987
10.181197721553954
10.193384641574575
10.233500501739933
10.241614687686326
10.287123254526982
10.278552169934091
10.299155854586715
10.315959182975721
10.326950145132146
10.317374203258678
10.333571823129653
10.32864747669833
10.350660625571507
10.349999932355916
10.335286478466458
10.316146607342501
10.296818762345385
10.296133570630358
10.324812013300258
10.357457931854812
10.366912773050801
10.28436522095021
10.211897543630092
10.171258001127505
10.1810240042099
10.243548328432183
10.273379072522983
10.33384549523981
10.38636623703944
10.43252333480379
10.461004823926508
10.45601468540657
10.460584094736056
10.47243983338443
10.473091250967961
10.458728413894299
10.389625056185329
10.387301270084022
10.43700367604395
10.45678778751607
10.50124735282243
10.563154140845098
10.473443907841387
10.369249491522636
10.271699209453468
10.249445782877523
10.247257698797641
10.300401051358461
10.397057394909268
10.459264585051978
10.523315960514074
10.541828663165544
10.535124242364216
10.491152337176489
10.464529381108317
10.427494626228412
10.44366224872232
10.478527586561395
10.600051564496782
10.668228431413223
10.626505062618266
10.585944216245169
10.55217122212757
10.451823121213849
10.415251056590424
10.39928816329363
10.411732096053987
10.443614199927612
10.519400118397952
10.561176086746384
10.57765872948681
10.602219002525455
10.59174680584832
10.571983889180538
10.55336321743528
10.599767022269248
10.591870423482504
10.628635229477172
10.675847690932688
10.716434485948989
10.73649995252761
10.723006029472446
10.656998104682103
10.571554928629196
10.53800513061654
10.519926671951593
10.527106750857577
10.533385774513212
10.598865565557356
10.663000065192252
10.663426028394985
10.681553369417294
10.667553254697154
10.686582729889098
10.652382806997945
10.663585497642115
10.685517753341635
10.70174889247146
10.736671346054326
10.753972681037174
10.778252872285574
10.782000242612218
10.764991422137042
10.74868221500367
10.724546813976682
10.654401907682395
10.641245785555265
10.566166750757219
10.562444003138781
