0.0
0.3970669026922755
0.5145596835617193
0.5770583272280096
0.6482825252670528
0.7105685420596148
0.7812719448114579
0.8384554566654487
0.8640845634135643
0.9171144893167261
0.9304284777917861
0.9323029226703413
0.9479649570266182
0.9594050721925024
0.9904840791785967
1.0523311741590358
1.1138596629075603
1.1596128694041727
1.1798825925140188
1.2040101891282298
1.2106501481307903
1.2029712521172395
1.296110928693469
1.2652121909129574
1.278030810613845
1.2859059399194286
1.2985794290864836
1.3230140682468818
1.3656312093634373
1.400951022286363
1.4491480158277643
1.518495353616954
1.6423298483083804
1.7812663530692394
1.8789453890499461
2.0044386494975934
2.000071514259645
1.953291690174777
1.8228198289370425
1.73942329148798
1.7293686822166219
1.7888431157798574
1.9238956370530527
2.027999373814643
2.109274770100049
2.152107221092725
2.168534681570762
2.1136082127716516
2.096005875764332
2.076370725394201
2.074600897978102
2.052413199656972
2.0864485325527444
2.1485751808639075
2.178217426905081
2.207011323893828
2.226637908185091
2.1905961183271585
2.155557330930924
2.134901834124151
2.162497635965303
2.144437326593765
2.1642582127061996
2.1148605765882
2.1237661528758345
2.0921879255898523
2.100532048422341
2.0767982122414765
2.1157083380946116
2.122028891401959
2.14337176050213
2.207875907506762
2.2959169811398286
2.297003791760944
2.2530984867460244
2.1722916225942046
2.1751978818006927
2.138364203902938
2.1656305935334834
2.267544614556986
2.2825322990208923
2.262687187484112
2.2780356027360504
2.223078097173724
2.2018524129672774
2.18908214631849
2.1993018589522575
2.2481992074289243
2.2967717865365147
2.3376453469478067
2.329033893687246
2.3467692938446927
2.2948619236494654
2.3081523986078762
2.2775343996796504
2.2395228513272682
2.3781394684116424
2.4597578076579536
2.4742183770475092
2.530606220132649
2.5652392223256024
2.540994086998743
2.5277715323286065
2.533162434353223
2.557971179416708
2.625872067603935
2.626206679704606
2.5859806455601966
2.5649637119612168
2.5916469021074913
2.5509965651359803
2.5218619522088335
2.4991326549218766
2.4269292737479113
2.4463263317649435
2.4264074604555343
2.5125772829012574
2.555094029815045
2.6150960236705916
2.613767341799542
2.6396992860680086
2.6637822265832662
2.6465372397462814
2.6795567005197114
2.677360692403932
2.604011119921554
2.6299125375543246
2.5444688462805845
2.516694333286017
2.5280128573191614
2.5926824021047374
2.577850079275973
2.624503381728693
2.726894315981501
2.804532377711816
2.884137470942554
2.895811586681346
2.8971884067365186
2.9080792265402344
2.9222655811696043
2.9247378951045464
2.9198063263460887
2.9452526978851985
2.890106612228519
2.8681890538313395
2.782689827472995
2.6625104402365856
2.723121236466308
2.7178652575062143
2.750957259628161
2.891253236428722
3.0056480920707576
3.069615832138861
3.142792792024553
3.2380622875719296
3.202603086548831
3.230449342897663
3.3331246460916666
3.3588614696994603
3.4139337597461696
3.5369155897858655
3.548872105498343
3.4358319996086344
3.3758429160551984
3.334793814562508
3.2772682434067857
3.442570840271642
3.502487632903407
3.517862011240041
3.48809512501798
3.535183315177204
3.5173159304357386
3.5913116058971855
3.6166248273442845
3.691059674522527
3.7319300299619442
3.7022229299459957
3.71757434659828
3.6824296774478014
3.7539776082613594
3.618299779623721
3.539088962831692
3.5636455556845488
3.6050386963763827
3.565105602550435
3.578589499768348
3.666237949320729
3.6853324739730673
3.793507375153714
3.80316138954392
3.7976394999884215
3.8567234719635475
3.8292261548458106
3.7916100702863624
3.6354202900123647
3.6231486249852787
3.62918449217823
3.5984781839684006
3.6631522988655414
3.695610013472002
3.762391859868945
3.872007037721432
3.906372193796082
3.906936918628441
3.8734251717799784
4.010622506873673
4.01249982314909
3.9984420833577063
3.918348496277342
3.919221048821548
3.9142562134820036
3.8356602094338488
3.8528097496135776
3.849552318320269
3.9038266127331003
3.9204923608867546
3.9909881112335137
4.084492914761993
4.123183016929487
4.142655502024823
4.099406356877175
4.086467692631437
4.035854070724833
4.088929862218842
4.019768572550008
3.9886718706301765
3.8996508732802497
3.8823518133468373
3.895643451622052
3.891432444239137
3.831854329842987
3.9058325425667975
4.006862684813242
4.045186300348215
4.082798598592752
4.195948395122226
4.223241328121867
4.245406074457522
4.1493806472749135
4.172760664556872
4.165880316325698
4.088874628599301
3.96431964556336
3.8782202851850474
3.9144870860710697
3.9045838049681114
3.8512395695461987
3.7884524303261937
3.725909431486613
3.780793497162639
3.8280631213687424
3.9362239138533632
3.9556803273151355
4.069738665200403
3.994553277673932
4.036731409697962
4.134140593678506
4.161231513033505
4.117635884900799
4.076492928744803
3.9923513392403156
3.933631173959767
3.917081501094717
3.9447077366530605
3.9127779645638396
3.8469583996076233
3.9308033845279953
3.9731395560563447
4.06733336111348
4.110595636957164
4.152500754613934
4.213621774478634
4.221714228278744
4.189670275019442
4.1230692525383015
4.100730311871495
4.080349281532699
3.9617904173000373
3.9612343804087247
3.8893048957532876
3.8853925018513307
3.9075888675643853
3.9212306385431237
4.047879027220577
4.144707829298668
4.205444278698192
4.229363063058093
4.21075752798818
4.18344226847581
4.268532072795343
4.274289992966668
4.2532514950218
4.205594118963478
4.168512105113267
4.170267284016003
4.0987811685574025
4.039580952230629
3.993005510217387
4.113371238891395
4.194486845011725
4.236170672228894
4.274575761196524
4.327203558464255
4.275739277755635
4.396019450236781
4.469862045906355
4.4269587038727085
4.450868517984258
4.361637005267091
4.362064173864322
4.407412433382435
4.354002725944802
4.217004074560191
4.2660203284028935
4.321345984171084
4.427626964453251
4.532223190447036
4.553288335318593
4.600322120212103
4.628131372706933
4.61269426047907
4.551551459817043
4.583988292954773
4.563467755236407
4.527866441827479
4.588915525770285
4.623829075889891
4.588084533551276
4.461968045237101
4.45654965539752
4.456542443256729
4.4412383017232155
4.549494076582615
4.6705341939350795
4.703349461644811
4.755661069205965
4.800262749343131
4.822991488172419
4.694388400866473
4.6792414865326935
4.552881167962405
4.504429070341082
4.4911269463122325
4.540038741187078
4.550817999764693
4.616498811677536
4.6858155704828635
4.716702661434854
4.850107321848111
4.904795229698442
4.949638125391333
4.95661599468883
4.896634553925566
4.791475967957299
4.609953307430519
4.5499195706234
4.549570181401653
4.436055211603484
4.514194799125082
4.5653943330955595
4.5664311664513
4.675293355804309
4.783932453487019
4.893722571671411
4.952466938179439
4.9860553320934695
5.011181252726476
5.034622224744861
5.000911334733283
4.943966973921743
4.860296188676849
4.844626438252223
4.728355588965876
4.720676522357972
4.756750483966712
4.774070287539955
4.803027547881068
4.918793528734196
4.958363296925964
5.038980897635373
5.044975367734328
5.0287160458422395
5.019415595944002
5.010199815895647
4.952789222234892
4.821494938328663
4.743435131398974
4.745774922720633
4.731380751220856
4.67308606615433
4.6325971194772215
4.7632152567759825
4.7966729372897925
4.889796774268856
4.92243549779884
5.008452543094978
5.061333694626781
5.131389014003445
5.076306960565734
5.068697944528716
5.073118581128406
4.928242930773713
4.954522087533163
4.857096610204355
4.8069165718380935
4.824824446457125
4.749104031667606
4.77525236480242
4.816730388123742
4.929567884789227
5.025842968038144
5.056480306223892
5.074317878935066
5.071999243097199
5.104561612630949
5.144435357714433
5.1227769406889685
5.016805385923785
5.019006639438034
4.9505841537687605
4.935714151205703
4.955032476969476
4.995001238083522
4.989091377773463
5.077788466055466
5.268126183745015
5.298205734992044
5.3220682538689505
5.26469815845272
5.2018320052769305
5.259808345411025
5.212285376748052
5.264471378944727
5.078582142673522
5.112761657044243
5.07323011173006
5.045362715706634
4.981207060539038
4.8940821159016465
4.9397998408385755
5.063472886775032
5.093337833417717
5.174665765473882
5.180180113605413
5.177495016149759
5.249944131308825
5.245756703000286
5.2457363876922685
5.250947790552279
5.1748784825910645
5.040537281634456
5.046568611590282
5.077341616817175
5.038047220187268
4.961635473765152
4.908332367598077
4.905033545142028
4.845795635876654
4.9289739600086255
5.030744960952266
5.120599308835488
5.1318608799928604
5.11935584469615
5.265793322742253
5.238418812164366
5.243601577481223
5.242870654126972
5.004521872982195
5.027279761019833
4.951902628676346
4.87440603174471
4.844933472646426
4.84624127863467
4.878674690604432
4.975441548624417
5.135673687506988
5.23913075381338
5.3273734648488045
5.306158328831597
5.348229600022594
5.307450664156883
5.371902661223685
5.354215778779056
5.371565101647016
5.319799271636826
5.064941914927965
5.136802948649775
4.987006835480696
4.933458277335384
4.929173797154116
4.951820161719258
5.076366646421349
5.2070467974446775
5.428007246160973
5.49940184193249
5.510408495616873
5.511703428959317
5.528502568658075
5.461783615165374
5.42571569614354
5.51123072502346
5.227464629167179
5.301802943588391
5.086625132784242
5.045066827241814
5.089253426205916
5.08570472700825
5.031364875102926
5.0953945338733835
5.211493742724645
5.340647909348929
5.40015070798544
5.633696087566267
5.7036421191531765
5.685054480199352
5.641799931840506
5.635398931933721
5.628736572933424
5.561900315741363
5.259508053305442
5.327599321577385
5.22902655794063
5.072251909200486
5.081256053509842
5.05666122115949
5.164572458919146
5.253836090343134
5.429497444317772
5.5776528961067084
5.6017267598668035
5.5017562584194915
5.529100738942424
5.586080132805414
5.544545079077039
5.475006840588708
5.446558765481504
5.441107609689103
5.083447956467596
5.1911013911495285
5.14331419355381
5.12500403570587
5.205835117724238
5.218282338339989
5.291359168064498
5.345976269136811
5.608534893882883
5.660889391551461
5.607188134803421
5.536875793500656
5.539827278198224
5.578596922948207
5.5381439077179335
5.582376759042127
5.635281536537359
5.590088838405558
5.32177957163065
5.424049281192549
5.311792234189854
5.343941932494187
5.32600582442009
5.299914861573438
5.3683936840665
5.329214645379745
5.563400568618109
5.634061350241811
5.629602577712517
5.599620341722234
5.622467771188817
5.640598087307809
5.643985471033042
5.704077418758136
5.794611502575405
5.509767759736065
5.5987726982575845
5.522387662744269
5.315098247189013
5.331493252685944
5.30902979874067
5.393775364963561
5.320273493756851
5.347940766654163
5.322164239245206
5.310512019757389
5.42686181685606
5.485231638427137
5.574240802767827
5.679202313297441
5.682658735371576
5.665037798497543
5.778241134152563
5.805994315847942
5.679492398324244
5.537958573719897
5.480781462263592
5.404645996159526
5.403600101419378
5.453691838526685
5.364429147338155
5.359553654996207
5.345053026955619
5.386883435826743
5.406404120320353
5.506934589660582
5.543968420304577
5.6269924466644134
5.643763406832102
5.689868289510709
5.734587665045213
5.71858129185465
5.607257422892984
5.605365077471124
5.460881234893286
5.426665904644858
5.3852037152250976
5.454661794013942
5.480568122990033
5.518679228184097
5.587572502901472
5.566613799191258
5.5926470408711815
5.574962976466354
5.610770317088925
5.602698578573252
5.6154313307960555
5.6629922764134255
5.778087992181274
5.855250172850249
5.777361269912496
5.796978605886283
5.778585853533476
5.7088596231347575
5.660534907027277
5.645176652235283
5.646944923553956
5.57675785279973
5.687162348601873
5.643944912814112
5.645778420194908
5.60580270830652
5.65041987940499
5.638230107072222
5.694431319477754
5.758899798996297
5.798194068161877
5.7643931692672545
5.741987702307147
5.7350209991020575
5.669336052962977
5.639114255999842
5.61952793764748
5.592508763157063
5.5633406112453
5.59676400394537
5.578068130819254
5.524979056947026
5.603179989721155
5.606620182410827
5.6886812372046025
5.694304465153146
5.702341422300169
5.704820957913921
5.688652962541324
5.772956851963445
5.784335428022663
5.7987218163353855
5.763241981109385
5.800133500692549
5.828338643628201
5.822164186723516
5.75700957706825
5.762973293038702
5.688842500072072
5.7322693080951534
5.745695556942104
5.777760055325172
5.755815640805174
