0.0
0.43852876650723416
0.5992014148301512
0.7755661997738365
0.9754709746204421
1.2137287143530828
1.3812562923991787
1.5248969712869926
1.6627771556405473
1.7418561899483265
1.8049318937918364
1.8250447334828492
1.8235326109895154
1.791808527023925
1.8359423363651204
1.8537150338543151
1.8268652592038697
1.803458285160678
1.7262897205304033
1.6879589815922273
1.6225723908681826
1.7374658461225156
1.8320790262940874
1.9391742060418202
2.0219640834124863
2.0481178642216116
2.1187483927874933
2.1748312180909353
2.1782895449077926
2.141988755465839
2.1357050538771443
2.089754934343623
2.1107208248055165
2.119795223817022
2.1744485090557477
2.1924193555750917
2.169435692122969
2.093353593950364
2.1646711502776883
2.26887621260062
2.3858390856360305
2.419529947413485
2.402170291920235
2.4351863960128175
2.427319152025254
2.3701461125243983
2.3531234740902307
2.313578268424104
2.2889729305605466
2.3473362735152152
2.3843304645698447
2.391570712491785
2.462952188021616
2.4513728533604584
2.398711116845709
2.270211687770409
2.314582102375132
2.3362275732408193
2.526338151685038
2.587563009823653
2.6561262292570667
2.6916653966051696
2.7047414336145863
2.7190533689794822
2.674836931632715
2.633528020981194
2.5181549695548466
2.5854496140362873
2.552134535662299
2.585291686442323
2.6011787873436436
2.510129761265133
2.3886869603725445
2.4706963613729833
2.560794943970804
2.6401815749222477
2.787296010928005
2.8569831943964012
2.85911738576359
2.9601591681732637
2.997932978490418
3.034537312952937
3.09415572398377
3.147327963612431
3.205046793285293
3.284233873126883
3.1825425587989793
3.1325501009801537
2.9510018102791684
2.8054716653412854
2.739859040194433
2.747535099065685
2.847088842695771
2.909351124915712
2.9929894150493013
3.0818845537106627
3.1632598221602324
3.281339195580343
3.3101490190624396
3.405822693631919
3.5010694906003743
3.540542929470289
3.606297336693655
3.6142038449094014
3.59763910178522
3.5591000592951705
3.5086936330787193
3.323197222351114
3.217697552540347
3.130202189824529
3.1390845775092
3.2219058913507785
3.273606415317423
3.317730083972535
3.3624636019358465
3.428205942973234
3.3738518067005874
3.3697178515300656
3.2887320739191117
3.262528585662337
3.368752593070882
3.3578051067888417
3.3424675421759265
3.3309200980406537
3.2959417263151845
3.2276398436238942
3.210893712347908
3.2560703577855077
3.218358549963639
3.2787885818310483
3.2950656542861982
3.3352209385051457
3.343749751874184
3.3750634921905607
3.4036952897800887
3.4768620589801094
3.483219179566267
3.4893572786167635
3.492789679549158
3.5115874317469578
3.481215548671236
3.4115221072426793
3.460830114682394
3.4662088358762624
3.4470774291033868
3.3696816694490774
3.370653282059465
3.4317982051319214
3.4269211659961503
3.3652571661418738
3.4512119766020515
3.4370858939721556
3.498673466620474
3.5345211600979574
3.530342958316989
3.560401328267352
3.5713689304425222
3.6107499876794167
3.6880890102835506
3.7726299788537725
3.782128573427447
3.7997513542298953
3.8405813369847235
3.797961456260192
3.7570437352119335
3.5957757718706844
3.4929001178055605
3.4542181700496144
3.4075735761345176
3.5022756213720623
3.5512712692059023
3.6103401611452837
3.615393278629119
3.6382975461243436
3.573739706757327
3.6049016031573045
3.6199089602231704
3.526104079150338
3.519503685742522
3.4942864312512194
3.4230153648210537
3.469798082375072
3.5290526190525764
3.5825661246843605
3.621583725003437
3.6247168338177027
3.5515842110314306
3.536021036797772
3.566820399836967
3.648286441090741
3.7094351434685913
3.8323373196643433
3.8674603066991464
3.8761038725469947
3.8168985278689744
3.7835628144012716
3.7360896813586275
3.729734661407688
3.670920863331059
3.62624912523015
3.6105341423907693
3.599149383013354
3.5922713079690043
3.505688657326202
3.5082704821760378
3.5011815908258725
3.6024201922412247
3.6608225327860944
3.705819319101095
3.7535603452256208
3.762536376453809
3.8426285352625107
3.876076591501376
3.8815651459135174
3.873695090576083
3.8875946717261227
3.7787039630994954
3.67980444649191
3.609008339102745
3.627053209639021
3.6894650055296627
3.7164203176641757
3.688172382049181
3.626427080196862
3.6513784172800694
3.690131116246061
3.7660208964320785
3.7532474214504385
3.7986894129456377
3.8453003530989154
3.9654647582973412
3.9748444333917528
4.010494760858739
4.0258057586409945
3.995292348713407
3.994835509930777
3.7887297156709967
3.7747540861969413
3.7272758421185794
3.7774222059229325
3.789423800185346
3.7706737384678948
3.765562369489333
3.7796242765883346
3.8653418804151327
3.928393749888635
3.998192262702994
4.038835115237948
4.0371491665771
4.101391211777525
4.095583332244494
4.107900466590876
4.115492201712361
4.071364951385392
4.101856409002787
4.105222836707064
4.075904589807084
4.030743715667634
3.98874912938848
3.8762221202829656
3.9529256557452266
3.9521696487782147
4.033278905560044
4.092116445970923
4.130387013530871
4.206804433123306
4.267483345953126
4.295467215288081
4.266363717694499
4.208620325280316
4.057164716022095
4.037432808055198
4.019661839844602
4.0054883487747155
4.0017237888824875
3.9747707947882054
4.021057441454233
4.077461847085178
4.083883452432388
4.116056843040755
4.235734659905475
4.361049470191166
4.406971705114405
4.492074639567981
4.641461271791024
4.703075302462745
4.664065659939293
4.583038283847883
4.509965498996596
4.333631798261086
4.176676586201046
4.065454767885452
4.097319812093128
4.072578216400658
4.143575900881517
4.2188403406800035
4.280467701176268
4.323232253755074
4.408015847786159
4.478816358556358
4.555907329696019
4.4744979811624646
4.518087033638581
4.6074528413319396
4.645692072085877
4.632271967831548
4.547072368546416
4.489002510501584
4.385093690795614
4.468588012211911
4.502588528610092
4.557893447080399
4.633021026940883
4.597482450867196
4.536459718218157
4.567489850196709
4.550326048174009
4.495368886570204
4.503003760533246
4.38651933015462
4.425602637238266
4.413292581549918
4.380383253857603
4.291368142570142
4.299436175161821
4.2879762972316255
4.3441209126519436
4.430553033397192
4.57722095628664
4.591699295106473
4.703263547181806
4.849121507547453
4.880057214728616
4.877900660893256
4.909455932427845
4.860086584100874
4.999486193556272
4.9113427358503845
4.728734518759754
4.68007976280445
4.6934161023035985
4.684878415205563
4.629127546786365
4.633083930311959
4.677379554995729
4.745079593823556
4.754815496685738
4.76469321711631
4.751238346810167
4.752489465372083
4.859078922340371
4.977094964961687
5.0620544044235745
5.0712938335882285
4.896961758691621
4.744696151993602
4.877452031671085
4.837632747997167
4.872175795190461
4.885592420350763
4.919130280015252
4.910987973545818
4.897364435696084
4.893481557963198
4.853573426166748
4.903574786558688
4.956170570808626
5.07372225627194
5.011183468289843
4.972111738027517
4.839806781407841
4.8367864885255
4.844471182178204
4.919457139428569
5.013700004463086
5.065546431073795
5.091344602838919
5.112435155999001
5.086162263873955
5.059947830908537
5.034920054920255
5.0038645070599195
4.994598818598809
5.018998057279471
5.034908851447427
4.911955418953049
4.876173154701556
4.8744668555362765
4.866636605299435
4.897499054549297
4.96422517731401
5.006186628531008
5.034547148937405
5.0676334063768165
5.1063587685126866
5.123940150386749
5.015368881071708
5.019588869722677
5.016468554627189
4.961065742462612
4.981603772594224
4.916662426516563
4.987215934647271
5.0012173132104785
5.101979641862546
5.083475740875073
5.160929364002019
5.167862853539469
5.209227349052182
5.233764860815953
5.174722692108538
5.173796786992654
5.09330589508113
5.069742254073024
5.058719274775636
5.100441711844054
5.045318904173716
5.02863128464474
5.097740247940101
5.172763116089353
5.2260970151623445
5.3304177987150325
5.389849388229414
5.393871647645789
5.387333703455379
5.295456808631185
5.253851520332514
5.048497481105239
5.120673550156522
5.054380230954012
5.0485002173703695
5.078716462499171
5.04924231851
5.059507898113925
5.109155106377418
5.226424311220154
5.2646490478580965
5.233707570009874
5.297074233029734
5.2992209886398225
5.324582777032089
5.254542342690287
5.110835553402238
4.993658045612952
4.921367377934983
4.916076953940494
5.0082038003998495
4.996437429274355
4.950249087122615
4.982279435059992
5.03731313220698
5.1173176684675425
5.19567598425847
5.246170884458485
5.30961690389406
5.265438636405036
5.308941571841802
5.333568308477971
5.230678885201419
5.267819093028656
5.263711237457792
5.181899538680771
5.1203267398832475
5.163456964014649
5.037844352592069
5.023749395462001
4.999683682418727
5.085373986597698
5.074185895319332
5.180911501757976
5.269970837583566
5.307345432505692
5.344394992496174
5.403349864432368
5.410690017256925
5.329050916960605
5.357822730466228
5.30858652569967
5.308734802640914
5.280497639345725
5.307982280015388
5.247290561873387
5.249348187540669
5.1997129411659815
5.238574846329484
5.3453258351856965
5.333269578748994
5.398513051953991
5.560935289327294
5.679066684017952
5.677242819973519
5.681321985518846
5.623045675164965
5.631460903469628
5.5957162505513764
5.519214217351202
5.3458353040895314
5.297421799812159
5.3736557098321756
5.444337453851395
5.433032172132315
5.597195639686239
5.6597549884071885
5.766976722183015
5.802511091493821
5.883424059158512
5.864761114385126
5.676270875346256
5.695846949825558
5.72096067754583
5.647351697405883
5.650045474090968
5.61202788831879
5.593809622270362
5.630904444781538
5.771689029473986
5.8453035253491405
5.8458905549509685
5.823722802641428
5.797756790615574
5.850598167830605
5.728130949396738
5.744128204047028
5.619601516280977
5.503295640233688
5.489750717791952
5.5481872446428095
5.604545793303639
5.5098871621257
5.644603659728219
5.709220775334888
5.821880524368138
5.8217228878156355
5.841263988425125
5.838061295292109
5.760840411637293
5.814647845561237
5.871338480849485
5.7963528219088305
5.759723675480036
5.679443448941525
5.71165557544132
5.724437992261945
5.712838779254319
5.66660067153268
5.711383337251809
5.86860812851851
5.924161254512755
5.905765110706672
5.931368125374906
5.914115040370688
5.8898008509511985
5.9775289460359
5.968143085034741
5.849043419565977
5.834736642948698
5.834116927638739
5.874772514008584
5.880256588317713
5.89521051019802
5.8312757192519
6.00138918312644
5.948147710589604
5.998818272389069
5.98661874721812
6.0027408428858715
6.043249547295745
5.949457171292716
5.849857678450367
5.868235876219746
5.7993928344094
5.696970281499054
5.662974938326227
5.696836698485327
5.738458234136835
5.668079147153482
5.648808806830706
5.857425149576076
5.893360884302001
5.929810976315389
5.907755596291166
5.904907579933102
6.053913252365201
6.104832373119159
6.140635003209818
6.2610489282599895
6.248215157539009
6.1019403346641665
6.130223395909421
5.96950795092879
5.990599133772488
5.894512632419648
5.971647412969313
5.92711632939377
5.955856107843445
6.035158638069239
6.004932472669096
5.941635374944035
5.9979568000050465
6.003695056853656
6.062328346405486
6.150006073477321
6.179560888695719
6.311655280652372
6.2958274701205
6.310989160261322
6.157243726834844
6.090796582235631
5.963311181161891
6.089310940253051
6.022381349728107
6.021592453511759
6.090895455110565
6.166463689105162
6.2146034118986355
6.2618049909521325
6.314263768383532
6.268255261873048
6.367425896571044
6.477425436716196
6.538818507174049
6.405902842842989
6.376447473467105
6.304056229598361
6.240492903686781
6.107013185243354
6.035517579507844
6.183356544099199
6.1885991592046325
6.243490652072053
6.461641967565082
6.492648239833054
6.51866942799688
6.454283534286107
6.506602650475282
6.535035812417366
6.444823549650404
6.35742083208014
6.3060160516397765
6.285937878173874
6.221459584130748
6.232687226470279
6.121913316684524
6.2321591403871075
6.343661433465719
6.414849048204711
6.45759411407763
6.500322508970675
6.4903128452444045
6.487464329144277
6.501391486992847
6.411985473388127
6.385018010421202
6.397635388342004
6.431218838296442
6.442498576866726
6.2979757140552985
6.333060167489776
6.300581074814805
6.262184359737619
6.398772063778992
6.47288977387994
6.497090345063765
6.538852570572007
6.54039473652061
6.557632682066208
6.498380236640967
6.529296942398124
6.511877252334641
6.657092559531958
6.682434113875398
6.716542362240389
6.763151558492679
6.793806574930384
6.540254599195851
6.458386182628948
