0.0
0.3213308316178006
0.4306845784659625
0.5196526568314829
0.6110962452436811
0.7377945348381786
0.8515191014428054
0.9863774507702467
1.1173820420257694
1.2143229912318219
1.2644002280303301
1.2832738814186997
1.2752358733275544
1.227854413357856
1.1657962581315189
1.0847228852981918
1.0018856581851991
0.9393728708330396
0.9138089677919364
0.9214211473887003
0.9415058131948608
0.9411958704898166
0.920002514725282
0.9427431626623262
0.9578881580578814
0.9609442058448634
0.9655036531910278
1.002752288585277
1.1009134978878508
1.2684904630968108
1.4533883358713389
1.5430741833882504
1.5631295861464147
1.521492489333345
1.5108595418954105
1.4524444389060283
1.421619990083243
1.3393350826920851
1.364879847110496
1.3818094974840422
1.3898752841038962
1.4655289251668562
1.4950788835737947
1.5093973739551803
1.5093734998764945
1.4808194815222355
1.4581093921994595
1.3860150002376954
1.4252103243567225
1.4014664071742695
1.5033215011685668
1.6478339000388957
1.8040267350876251
1.943329582451673
1.9899899174682032
1.94071670843397
1.9362915546496282
1.885164428524715
1.8206340786902848
1.78366207039648
1.7614852220510413
1.7826840303846352
1.809424541252516
1.8222774932557235
1.8267749340805655
1.883046702923582
1.9258720343431948
1.9774087393598259
2.0080063449521077
1.9956173172607263
1.9551403060920318
1.9321495189324174
1.9036082734760107
1.948854176770737
2.046411764437385
2.187484925466448
2.3001152919642784
2.4151826134746766
2.4455582333732413
2.3117737310704465
2.2236512873480465
2.1200322019106723
2.042263229109747
2.083747916138791
2.0862104030209374
2.0998492421286965
2.106663100674987
2.114976618012682
2.171303929532157
2.1826796928029744
2.226934319894645
2.259212607524297
2.297356485740108
2.3119357188867355
2.2927781545390657
2.2905444035726705
2.320037801829828
2.3151485278578763
2.283963571042277
2.362028049617288
2.41228316148459
2.40179011138741
2.372131787986554
2.307654440128869
2.2870209504857058
2.2823361639926603
2.2053630522470926
2.2420828525374064
2.28016059115762
2.3078498587612875
2.3191460702841886
2.3162414971208594
2.3443778380568028
2.3461456766759503
2.3533859101179746
2.3289973498762837
2.3431792525167676
2.3574238806329433
2.3600900903388595
2.4396944419453193
2.484459960980077
2.5036804374394133
2.5302765709730006
2.4952740764399004
2.4266194587778855
2.472864237956629
2.579806918956926
2.5842148074865174
2.5772216213686514
2.573089843053159
2.567567470851227
2.5337850914727778
2.4635906484728367
2.484918171766621
2.5428665400559916
2.524735226285741
2.5500278640106675
2.5596878290715828
2.577794652102167
2.555444141181093
2.545113769739712
2.5561309798651894
2.5705799422505513
2.5761419857147057
2.5994754829288733
2.587113149319381
2.5905748214322677
2.5866923337402525
2.575528145875227
2.579520397075059
2.605982103770419
2.608356262350132
2.6286490482614524
2.643922359480143
2.631413823313094
2.6556180213045875
2.646832169284952
2.5901123617326807
2.6035788594863143
2.626727671546392
2.626879307245082
2.6331683934862093
2.622620215827271
2.587603681823164
2.5703112136650503
2.5573005049321895
2.5471810351972093
2.540801083995425
2.5522169894405713
2.5591051863650347
2.6138467504747283
2.6773546468263554
2.7265142764760575
2.78411879927661
2.769944801719615
2.7643136308894465
2.7769449505373727
2.7793065838753552
2.7209792627697684
2.704828237557381
2.698476567185737
2.679630719020923
2.680458138580822
2.6737120009326123
2.6767682187290114
2.729578397054478
2.7542426812703718
2.761850753770902
2.7521503063742605
2.7242239606831773
2.689866978722337
2.706796020893049
2.738909728112079
2.7497837309837676
2.7628718649735955
2.8092965998005095
2.8362569810357114
2.8564940131879517
2.8353327406127127
2.7340684595752225
2.7395114111733156
2.7837309616412456
2.7633535109601834
2.782132026206538
2.7640352041553737
2.7346140278705655
2.71615790838336
2.7100406386660794
2.682099417681795
2.7147719517747415
2.72759613374328
2.73181894820653
2.75181896701905
2.749040369064589
2.7351760566490393
2.7365057711803353
2.7589631515906268
2.7841636548860893
2.8342650925765986
2.864560413159764
2.879212472697048
2.931263483871277
2.949337723007143
2.9251228142261216
2.928099404791224
2.8946456270120784
2.8647537613319263
2.848781650733643
2.8686037516303573
2.857552758562923
2.852785604229344
2.829787187695883
2.8405786924727616
2.8457457971184845
2.8275785692444937
2.82511627212993
2.823360259372916
2.8425402136826117
2.8251552678387455
2.8323554064343526
2.845067516657888
2.860252925336511
2.8718093581230937
2.8907007971092678
2.9140033449640184
2.9083186053188363
2.932260941916967
2.9213206170720953
2.903695423339778
2.869337525894159
2.8736291543069923
2.854101343807651
2.854400163342342
2.885326731836269
2.866673336968955
2.879698532859419
2.896219014976485
2.8833158911383023
2.884894716191854
2.945929431254591
2.9466118397307066
2.9742107349264826
3.0547274846121546
3.060881676675788
3.072704232113399
3.0371644235064106
3.0222888695714905
2.9755870362075854
2.945448714985193
3.007665392792969
3.0160293012360673
3.073168800274868
3.1120547388174575
3.047173417724826
2.9794717615101125
2.9634889020752393
3.012137031374043
3.0365417896024214
3.061505915938403
3.051807725403587
3.0362189914688775
3.001396344920663
3.0171209619861825
3.020684159168273
3.022035608371871
2.997273725846308
2.982315787658429
2.9651626236672644
2.9799137924770074
2.9870883286500676
3.0538604975416437
3.0886849977723756
3.128964850640258
3.1620650668050843
3.192562748694233
3.2065658966180415
3.2385784122939523
3.1609185983467363
3.1714593688285233
3.1422845904927295
3.207253155234398
3.286357125073397
3.2979373067341116
3.3183359592504815
3.308781347440797
3.281351060869
3.2498136323644355
3.2637433720750746
3.265966604344564
3.288119799237956
3.273872285273866
3.2727842783046257
3.2644957413805447
3.2993238957510655
3.3173985871088942
3.3626418393441373
3.3826168568289843
3.3644319709239956
3.392851041274794
3.373426568067242
3.401909676840722
3.3329374797408744
3.3661291681573107
3.360688672195447
3.370537645363867
3.342677727233873
3.2974406919303085
3.335593657331342
3.335958714988557
3.3410181743500877
3.3383285309646307
3.4180935538866595
3.4179811583832755
3.413815063448262
3.4032265556282786
3.3274647603520684
3.331642112073387
3.345454083716338
3.3953808949773023
3.371799322066412
3.4041333220739003
3.3276619487852366
3.3631724520501005
3.4165592214891403
3.4179669941992237
3.391962257260944
3.422606704970895
3.4257210520444934
3.4264712225717684
3.4291266819553936
3.3838058045488264
3.3919571692155235
3.376997783147451
3.3580600358475574
3.402971027398944
3.4634829520512684
3.4143078962729487
3.416784152080145
3.427058374366722
3.4220789578936572
3.4301504088378936
3.423209665671801
3.4230710843075873
3.37289709725869
3.3321162552020347
3.3397133626773026
3.342557079941506
3.3702682133893447
3.3966084426712637
3.368907930597572
3.4247912614498333
3.460998595738105
3.466517131712652
3.4859353143652263
3.488886706205392
3.4658630311882184
3.4358734983762176
3.4427465809510296
3.4077025211424394
3.395803282473171
3.380430449081924
3.3833828990133377
3.3615864453996283
3.382534132219536
3.4179124530554286
3.410360464432635
3.4355682821309848
3.4360469168985013
3.417312796869218
3.414428925352515
3.4303227536742518
3.462701270022223
3.4524640758469745
3.4272819879695016
3.424841929928633
3.3891578609695947
3.4113059719432393
3.4052030417288446
3.4207045977810435
3.4646597368639127
3.4425798449698437
3.4516050636328792
3.431898804274913
3.4560390557663627
3.458508682747342
3.439842226836354
3.4086477331140137
3.437254604349651
3.490095726089598
3.4942024087676975
3.449107776478199
3.480729458619125
3.4337381250335586
3.457619911518002
3.5488756413035487
3.619483220018606
3.658968870862218
3.6205697879827796
3.5863113265037163
3.5445316677019525
3.557324459993614
3.535241197382614
3.538478394997506
3.5632555460400424
3.5388854478948715
3.5114304486305254
3.541809198189022
3.5825789978256455
3.623007039907632
3.615975759173522
3.6271396046453233
3.6210732837113575
3.5672300067247287
3.4884387241640544
3.5271985679865363
3.515967072217431
3.540626526913052
3.5947511247504798
3.618076759069548
3.6415560843254173
3.671452955760034
3.742026130923485
3.7273202458878245
3.6865844526118585
3.6603265921828037
3.6518562631365494
3.6350379878505423
3.600885715168356
3.675177673641083
3.700160624381479
3.7093895449361565
3.6899786264706846
3.673277344363288
3.6705579563469772
3.627271518657555
3.6110127962868606
3.6796003568685514
3.740576259964951
3.7490616366821294
3.8075054613087667
3.8329383617652533
3.8412730980935326
3.844969566907914
3.814549082060852
3.7502876320594245
3.726794009491555
3.7544595422775053
3.7558337983104173
3.672657446493148
3.6491060409272933
3.630283047203864
3.6977070462211947
3.6999906085692857
3.677139294484554
3.727950235043332
3.749034973019277
3.7760972222987035
3.789598549722968
3.7447866424190583
3.781596144348038
3.810406055479255
3.859880419740277
3.898704712809878
3.93922955556365
3.973683197150644
3.964511591634144
3.875318659763454
3.812866896541844
3.797905605030553
3.78363105450702
3.7608792279047893
3.7803061487018765
3.7706296721743624
3.798115645906096
3.7932098585210148
3.830954393404427
3.8319620805131827
3.8795533777066735
3.868542643219844
3.877225493917495
3.908530339374126
3.9774693695881456
4.019589148662684
4.013958477913211
4.050044407622501
4.0838263062605344
4.008122213151188
3.99968772790077
3.9589881359074046
3.995683870210272
3.984871858911828
3.9444672654000756
3.903094976915009
3.8648943866286163
3.9025352141078904
3.9502906091538055
4.009729402994895
4.049067705253947
4.081586088021429
4.108690414387231
4.139528511372317
4.118201271345478
4.090240870537376
4.0854951919628
4.0312832414729085
3.9968672957720517
4.007051630488901
3.9963856771990156
4.065178394867994
4.027824360106199
4.00376804654137
4.0551723873498275
4.079143333953087
4.109712216348399
4.073741123211655
4.067465978833739
4.067301262714227
4.065088381667614
4.046671825173235
4.026449052609473
4.065941323795514
4.062604315158311
4.094653994658722
4.153889741495366
4.14304526197816
4.128620697870954
4.194920699452268
4.201005050588254
4.238057851915525
4.201627886955552
4.193806875869969
4.195881450522856
4.167856581753234
4.148802851340522
4.206641279024325
4.249070859734948
4.303068873565929
4.334299023196204
4.3222658384514006
4.30972131313922
4.317339330423988
4.327117437927692
4.292498856398258
4.237095868078398
4.2250770025722915
4.227585442637056
4.277991282029799
4.284422606136956
4.257171241491673
4.266845324407746
4.318638334450441
4.3666045012143275
4.33824454479094
4.322302582845046
4.380504496281189
4.387176286190414
4.344584764046036
4.282577401210565
4.218515917822344
4.247118935503805
4.232670970361146
4.26281213858826
4.261991956110366
4.35335995075604
4.390612964072238
4.425059158893293
4.481557411061508
4.452554323356059
4.492280869257403
4.498798943686825
4.5500655013304465
4.582975530600442
4.509500952611014
4.558779031938684
4.519505229305884
4.5686564852685345
4.510803459403861
4.393453319910826
4.406659454852859
4.338625686582018
4.359456297063038
4.347165582028533
4.3337516787839165
4.381739012176544
4.413536572772185
4.479898481718437
4.533165328354003
4.544774272534029
4.602190919169952
4.642238320764486
4.6675692140754075
4.667253085954013
4.667872290937309
4.647311212035629
4.7142804774990426
4.740056468953961
4.701564143996792
4.652648265821731
4.666290086195861
4.530656690005603
4.584893135168197
4.489039619783464
4.477132598454217
4.492995570457951
4.509008381434781
4.489848186437424
4.531485794498585
4.561198186556708
4.5683433832937
4.568122502761244
4.56891642791527
4.54617721529172
4.54730788846922
4.557629135062227
4.5714563273094555
4.646842391689947
4.636447798225996
4.69886650549773
4.7138362320523814
4.775917279201104
4.80457858128502
4.821922933105637
4.854087009972197
4.879197172910125
4.87405410245643
4.842062796453005
4.836018519401427
4.788420485452714
4.7409678542086
4.711243968748594
4.731143254698027
4.74593558028988
4.809091235202768
4.798579843439149
4.784812842086906
4.715494595282066
4.685851020143205
4.746053262892381
4.7650479916493556
4.723478012824993
4.736677084494191
4.781323543776756
4.805464273083026
4.835451931503623
4.845854957812352
4.858664919807169
4.8389727255495245
4.769849536744351
4.814424300030341
4.838204358981308
4.858657361263919
4.883316512163131
4.861208676234294
4.868703491988324
4.894271875094437
4.913274023247363
