0.0
0.45465753269995834
0.6949123595814574
1.0336796786079057
1.360663722273677
1.5097659683676785
1.4197114078610702
1.2956866268862999
1.0829455003335506
1.00581644053834
0.9760215131033619
0.9678371732915433
0.9953069869573253
1.0126420812354235
1.0246405000309764
1.0180676903089991
1.0203030929352717
1.0200980876127206
1.0232809003269536
1.0279296402049007
1.0365178387778902
1.0806849335550666
1.120286360823043
1.14902471618781
1.183951164042751
1.2173929008014188
1.2561786620700586
1.3044931660836019
1.344040243303807
1.3845882458177652
1.432044273408347
1.4813141962490304
1.503847866942536
1.501352949704934
1.465407634195149
1.4824660155872191
1.507266097461822
1.6397255654242322
1.7100447390647593
1.7079431284999689
1.7244172693130626
1.7066615361130095
1.698265393574224
1.7277216959563795
1.7465205221902895
1.8350071009940119
1.9445050213929573
2.089383903492345
2.1987479261547347
2.1536439948833452
2.105061360735596
2.0355480183756667
1.9730676885005332
1.9936945524603824
2.0960838320765225
2.171584966480457
2.1680964974823755
2.110151760412837
2.1293094636708716
2.168490046560562
2.267905005570794
2.381251139071838
2.4604145657392293
2.570141259926676
2.655797847213188
2.6865664561668416
2.672533047211676
2.572041152609953
2.495659648240306
2.427176984042009
2.380679495041252
2.411011554572732
2.543579883964424
2.6390672906567225
2.638166363801836
2.547098715263676
2.498507631725971
2.54840007187394
2.6849403822953817
2.795318525680708
2.9562418654976645
2.9557874859811735
3.0561712361935314
3.086997952540221
3.0594590766255747
3.082342149977689
3.0135248831543184
3.0400113631162045
2.9816574129688593
2.9306661277584767
2.9164047116223584
2.9768644756104785
3.090653212919607
3.1075401789290944
3.0645300457462215
3.006509639912973
2.972981188921718
3.0583569604079943
3.144576168764456
3.2607251211436434
3.3579090845872583
3.393148432800822
3.4462280406929273
3.450859564879222
3.465037732077646
3.448101702941202
3.425273685232272
3.3675819396394306
3.2988705064551818
3.326494389049539
3.384761204639384
3.3515803877390367
3.4348547342451172
3.441299080438451
3.4231934267514372
3.415865162882317
3.3834500143060864
3.405019159829649
3.443805838574114
3.486406132368693
3.6054860511427886
3.6697244645997324
3.7338382119098967
3.7679702955574808
3.8000330319162834
3.6705132473404523
3.5968771043902286
3.5561374391150906
3.61229236894764
3.716259640124728
3.7691647567489124
3.8070988337591296
3.716009200314266
3.7077354181511155
3.6279732915885385
3.6127471236372566
3.6859897046009573
3.7512870904476485
3.8597114002975967
3.936352481437791
4.048910630199682
4.177484353736729
4.262496355490853
4.15355072515061
4.088460530789722
3.956008902819536
3.827952222995896
3.8651318805695816
3.8534176230314325
3.8752767727138724
3.869324025268976
3.8019749577979094
3.7779250913018774
3.815165421242008
3.845886556622117
3.839329247945837
3.862281202278009
3.8589314593806483
3.945485912181296
4.029678763319268
4.09473859456524
4.1973058092506275
4.309680524823282
4.4283107682850495
4.42475669893283
4.219436536412376
3.9853117266587903
3.8901865079785005
3.9512743670182195
4.036131467551598
4.112968223231644
4.107222240010497
4.010772007853947
4.008453702865749
3.99771390568673
4.044542898918006
4.11331269784513
4.126624089925049
4.183268222311983
4.234494530974192
4.243397955848062
4.280305023693979
4.327305244296687
4.418459290661444
4.518949305081416
4.643554368954005
4.671197810974297
4.739926869339438
4.7359845975085495
4.578071243670767
4.4052220288664365
4.344510114628155
4.250024942811083
4.282127570126811
4.256054726225106
4.232959769286308
4.282512046117855
4.333112131075644
4.364960096513751
4.409303528358273
4.424695352369359
4.510799889160348
4.543669466663459
4.678031391210675
4.835905820396328
4.956341014607132
5.039420381700436
5.110301782525862
5.085708685694035
5.03193775603307
4.850408290488323
4.745068741938893
4.634115729469111
4.606758857305185
4.556830736524875
4.586973845173709
4.596535265433226
4.614510045054988
4.646862095034766
4.663986758967778
4.757236190655055
4.805469414556016
4.851672630617138
4.857362819356712
4.905172900913924
4.952487005972771
4.983350334602159
5.003308674083066
5.063493536304192
5.115057127381598
5.167405360821379
5.247236883461366
5.29700670392816
5.306118933298167
5.233490552776028
5.198810236222034
4.89837600296201
4.833880798475099
4.683538046861381
4.657790087602468
4.687913072590543
4.688976358490028
4.773049995685608
4.920619330107232
4.9530671961338415
5.040468037130796
5.084094395621361
5.065188401438817
5.024058210635016
5.025337465787579
5.040920969378289
5.098317200785645
5.136244776633036
5.235657948833968
5.308887552432832
5.371030429449631
5.392310975103307
5.486223111706964
5.494181335079142
5.5026623748250705
5.528370398576726
5.522500138181342
5.508743272160591
5.505569341354427
5.369331664132521
5.15807992354803
5.126862698174847
5.055854114849929
5.1030417452806995
5.16979378961188
5.192946799752525
5.238509181273654
5.222382455872398
5.262390096872106
5.245857992465984
5.257628635453163
5.316581114218951
5.343953620359332
5.52000492822353
5.581330606050881
5.700917938669932
5.7474452369268825
5.727697395055747
5.796578440479204
5.8227866813785125
5.829757722359722
5.790366157185148
5.799725093823935
5.694118209492848
5.66789893638059
5.5780532446451705
5.509744524404241
5.36177295774874
5.371687690901686
5.301415382072878
5.359514665463507
5.36197438114722
5.4768647089493125
5.508280645325786
5.574907168671682
5.588483713717124
5.61260275337414
5.714725119252068
5.8014567219433895
5.876478664939387
5.92856701194644
5.919906098250311
5.903665899801462
5.916814630397192
5.948046298886708
6.02287222570844
6.08961581784955
6.096156361898557
6.160065205896094
6.233224814229551
6.1039039399742645
5.905323790056399
5.827165869483873
5.702241170063608
5.653331872309022
5.700178444243381
5.709508369853519
5.7240997148180925
5.808761082229694
5.75160155453941
5.683423616830981
5.709448664225857
5.786312889144549
5.879367500940385
5.990796291459482
6.094916344636177
6.255666318570347
6.40023819585899
6.552654434054761
6.699914533502387
6.753980676926544
6.699425908247249
6.536305337859686
6.326131431855894
6.206120141342812
5.959048831981479
5.92972073276499
5.7468935514222785
5.726243266709559
5.6984046452433725
5.681316908929926
5.757682059114684
5.752431817042111
5.827551558413175
5.952859118110746
6.115681637656748
6.230811357203123
6.3765163642267115
6.515629542453404
6.658677554838541
6.746825333446573
6.822533829222894
6.877717773610248
6.933202421379623
6.9830472463948885
6.924924481962836
6.805466854837689
6.638316904423987
6.484248913279199
6.417727038195076
6.317388884360371
6.299657714622197
6.292231054880998
6.360143604891262
6.397087339300348
6.570071060548503
6.584886174252124
6.635245788932201
6.6728846357564935
6.651465553755166
6.628402127156503
6.631625659977682
6.629617322814009
6.645849471259396
6.669091017903628
6.745321591207092
6.816153787853051
6.858192242676409
6.868183268465489
6.806491723355509
6.881742369035643
6.999778715646592
6.998412846388847
6.960347186611765
6.840960768792031
6.774979661639449
6.676467048631084
6.6066458998796636
6.565078241256119
6.536992463331625
6.504719994080004
6.495594690291644
6.555540370995628
6.651271900903781
6.779011471468322
6.789929365480205
6.823171751697325
6.798088526717202
6.700394943238187
6.617618542590298
6.630659733141203
6.621075476303235
6.572704446275311
6.597036909066537
6.657804465510771
6.757826393080926
6.892808353619098
7.080845525632488
7.217182091172658
7.2594345330877905
7.254525561605815
7.146110815408263
7.041924871886194
6.900396135902209
6.712913811037833
6.709220120783882
6.624716155285826
6.563369213535988
6.508920871834857
6.480568228758243
6.487077085777649
6.5027965812890836
6.570623723550702
6.63307329391248
6.63322046212834
6.672602801568122
6.69088566678652
6.814182640606852
6.931391733799304
7.0918703028129
7.184120487358525
7.214679450051285
7.084216608482833
6.9182229032410145
6.799328272214524
6.7339445013423616
6.722303082566662
6.779468950561584
6.775086069864052
6.802765850918464
6.835485780847111
6.814347032215105
6.890302722991574
6.89736368138651
6.89434748474276
6.970100663623117
7.067398186153047
7.160864975752782
7.218413104737284
7.260938986593607
7.2579405672451855
7.312851051710704
7.317940248820943
7.253673028720788
7.186593405559886
7.005069752069503
6.928000745705771
6.896260287962769
6.845418805211775
6.807571412092062
6.855284972445961
6.903231274253111
6.959921903855689
7.026683264031651
7.019763173466102
7.0877100079139215
7.201713328569089
7.31294437242363
7.361120100414258
7.4281595787411465
7.49652054389389
7.500151923751318
7.464198725772593
7.397501431758868
7.359776031415292
7.323262411195988
7.172423024317515
7.096122675849228
7.021307722646051
7.013587040046294
6.968364292376949
7.013981807200403
7.0890815335965724
7.168699441747634
7.243163191387365
7.241836076688503
7.289829188167752
7.280226419929632
7.3281484571157325
7.331385419478075
7.330352162227861
7.330559176618962
7.343627849681129
7.372657267672892
7.388679586090018
7.4503022162726635
7.431183608570531
7.361138456377022
7.268868489699188
7.17898592338592
7.059967316352678
7.007152476980761
6.968897753864635
6.958553756847346
6.940409790635664
6.971522657429979
7.084813505256684
7.193592301651064
7.329575246845884
7.437609389638742
7.482504702222773
7.514034007974254
7.533021728850994
7.5602081883464765
7.55792973136351
7.56716442198423
7.600313094606373
7.569356442918354
7.623659751804946
7.610337929807227
7.627325093029452
7.6129540547964
7.4860110451044735
7.23500917825886
7.1135129288615975
7.061935459312167
7.067154187014933
7.121385375742578
7.111372665964396
7.15509148844253
7.263522552725529
7.3854673855886155
7.5118973160488265
7.542988324754665
7.632551389356646
7.7261683047668255
7.88983306533024
8.002792966130182
8.063372437179815
8.142444186319803
8.156797807677416
7.953943501815839
7.838615023286535
7.636985788173472
7.46592547274624
7.410889731809106
7.287854416962462
7.361186181343447
7.328208511444718
7.378105404790605
7.358001424836266
7.4395774239517705
7.536857181940738
7.5880193606170065
7.6558017361972945
7.752028506332731
7.839962826628208
7.945286153831708
8.060075734029798
8.08962413850293
8.170731337174704
8.232385544746379
8.30611503081796
8.252172000966814
8.223300147823345
8.126289315494953
8.048681265196262
8.023585569890367
7.969167088159462
7.974654386507677
7.981832104152052
8.049882538985186
8.000071893698196
7.974985532367138
7.968415480897096
8.04567040916917
8.016969160248056
8.057611458644972
8.014890294062939
7.9717567966945255
7.9323120606627695
7.962658350859443
8.031569251642948
8.074273485115139
8.17309700983688
8.260497406272997
8.391007079399616
8.573033218348804
8.63019405477282
8.608180635292399
8.433150370246242
8.275799990486929
8.156728644586915
8.102263576020384
8.081485734987396
8.032146404526296
8.079610680993035
8.008271902442502
7.995415829634265
8.012460363516269
8.088668061822329
8.139723854276008
8.199782392798571
8.322626587046846
8.42760969253223
8.648585311077817
8.829140104449822
8.932766979596575
9.067468455863864
9.070920853102862
8.956590210149338
8.704669607414711
8.44494701388385
8.235122027551872
8.012041601987704
7.956960191096862
7.98913627216694
8.077498164495523
8.190249511949187
8.374236192600483
8.52184238198539
8.729285433820749
8.847613241787217
8.911174271791024
8.947472440003471
8.916670860425612
8.848896905415495
8.777293102861272
8.65594981691152
8.52622162247891
8.391146519445714
8.351580005047724
8.39464214394554
8.443179175658283
8.594194596218584
8.714147590869487
8.871004713671327
8.906492649060983
8.994614478551785
9.052395225257191
9.073083325561036
9.122706831241402
9.101399280618446
9.013838061028292
8.97216568649812
8.874652135747215
8.742312662383673
8.641275297824544
8.503639114321414
8.43858197514122
8.409442674269224
8.478180422455912
8.49619076084847
8.430960370067137
8.444864348645572
8.543655532872918
8.640318202258838
8.765996948382709
8.848017434916134
8.876530501788912
8.910975802940625
8.876251465337393
8.890659542152823
8.855600517104284
8.788955479141514
8.752092083051954
8.774996844177188
8.730567619645738
8.680656167588639
8.655693071665432
8.59982138020785
