1.6618414622564999
1.7056134926042605
1.7961808357833113
1.8721954615048613
1.9149830895213218
1.917066317484202
2.0297399267450302
2.154497772118789
1.9272627437127636
2.316040119585622
2.2468529297509052
2.5773665807715505
2.7323317326872636
2.7490466888939347
2.738132076222134
2.6013722231295486
2.8157829186163523
2.9717550127214483
3.0300762730067548
3.115761625159738
3.4238899008400905
3.6020407505972893
3.553460767767193
3.7674307078511324
3.757968506891617
4.047633109677073
4.133652240118862
4.048016347192501
4.0182867825010895
3.9067523393389494
3.9561018923793143
4.074667402152354
4.011594042380578
4.093163595564728
4.252355004115572
4.330044141859346
4.715146915031275
4.637394648624711
4.630038098378721
4.6841466925153625
4.601497477508049
4.774696427430865
4.820072418689146
4.885505533292956
4.8979590869185285
4.9831855490357215
5.090355483659449
5.1875095629807255
5.178819587235193
5.161468849507966
5.0727009475082845
5.035375229846957
4.996113484363891
4.999675556214807
5.082363598974087
5.15599380616772
5.0405831151518425
5.242474130592056
5.2916845968927175
5.275336103873372
5.29695889958101
5.374441400992614
5.390393185928435
5.300815309450056
5.484420734367962
5.197695947025791
5.288777050105265
5.1367311235457604
5.358873548023433
5.3624873748278015
5.250249345376035
5.2282418341316435
5.36498010841968
5.250946878624803
5.259942467687588
5.374892258941914
5.168577385935032
5.134811346921332
5.344480836825685
5.200055564932201
5.242274269983155
5.400991235854419
5.487604021363826
5.247559533650659
5.449593699051832
5.491336352368117
5.596688896944105
5.271672374290384
5.492813470080032
5.306303152423294
5.4828962657875815
5.148218285958284
5.272963541250485
5.153593770127054
5.2269856160834545
4.982028224556928
4.799117246644831
4.779443453631178
5.258002607168185
4.608642908685261
5.068942151671686
5.024546906999523
4.509242778578675
4.79423353792174
4.079045994822984
3.8289192600410487
3.7787417700266315
3.5653807201383585
3.4299971170253296
3.3558461406454616
3.3697963060086877
2.7263045709463363
2.786573513613661
2.6925592939853114
2.635684996625045
2.4174132694305053
2.4512309173839353
2.3569918574297795
2.364140498585882
2.168611220061687
1.96609717963896
1.928976155175948
1.8507708446332927
1.7032886329991574
1.7604667928839366
1.7044531928472795
