0.8718342190098597
0.8241504631904256
0.8221482894302292
0.7960225026517184
0.7727534145431207
0.7803064677891677
0.8029148994372846
0.7817312662271947
0.8961063451244187
1.0611255190017745
1.2269509767047706
1.1618838278284187
1.1817169758030954
1.1577567004814486
1.0879076073094724
1.1844121065066633
1.249891538594018
1.1749453477451055
1.1920059975939634
1.3798470040628137
1.5333142696029698
1.7793820590616
1.7765327628183099
1.8793816916986068
1.834650138096821
2.0047228261016206
2.23378251791863
2.13220120048724
2.015684209276573
2.0123312283609085
1.9537313748992573
2.268468310608892
2.441381245031152
2.25227943356224
2.247326815262529
2.290310490627538
2.419219456595967
2.457181202510781
2.2978448466979144
2.1739772986244263
2.185193941148257
2.3081696798921905
2.256866888901871
2.262374218912078
2.2453889222059917
2.310443116852419
2.332410919925535
2.332500075257857
2.3276287580221924
2.3766257851416994
2.4002152109186374
2.364169570945183
2.363950267620668
2.385536575336824
2.4522834372894686
2.5477890982258615
2.369815955263627
2.4246316953624443
2.414244513221277
2.411406725139049
2.426111885707925
2.38368582045005
2.405511184321456
2.493629756301342
2.3210083819797815
2.464558631390866
2.397628005241992
2.310787706258317
2.4018346352661397
2.350554737555516
2.3449204105595585
2.298880495390545
2.2643054983293114
2.3279024574280656
2.2149046653343096
2.1118689069458805
2.2562222599642046
2.177451473605856
2.240877696826424
2.18178224261802
2.057787847116001
2.1359885510874
2.0997429143009776
2.076466290067879
2.01504852218206
1.9725585835486483
1.8506524023162094
1.7515944494756195
1.7290522941818764
1.711645400890744
1.795592971426084
1.8301284651898644
1.777387606101435
1.7858922335354652
1.6425135189523956
1.9288786213994118
2.0394208035096524
1.9813838766719944
1.5008717669860265
1.6140183571871491
1.8182228576790411
1.7125036477010505
1.6970984872560495
1.6847500210827409
1.5446802980024512
1.6256883285749593
1.827022576384771
1.5925726926461115
1.6786214378269395
1.7286606360251664
1.67919797310794
1.6614252587865166
1.2631464317415089
1.2631231963632747
1.1969468569768549
1.3118622659881172
1.2765665708321454
1.0628966511477367
0.9941624176581821
0.9853222031606917
0.9143019795972274
0.9204668917811942
0.9083169980964007
0.9113749995715726
0.9182558328617585
0.9183334063300612
