0.0
0.5710141851915
0.6884182533585417
0.7304438645995055
0.9102738338554707
1.2348993710377372
1.6069501638068544
1.88066792249372
1.8286691421748347
1.6812063173480816
1.7421007678600327
1.760814564123844
1.8309806742099166
1.9236464852959596
2.0635900421345594
2.021548358067809
2.1578849409162975
2.299960356267462
2.740337771459402
3.0646508030206614
3.3059857984732672
3.4133093579998577
3.084837180572737
2.7280426254251493
2.449622816770567
2.5248651399563107
2.5592214592924396
2.8233723125344388
2.791341296557193
2.859873804431222
2.8465628443042346
2.9269279538945256
2.7278934574869145
2.798105051242371
2.7238074346321186
2.848106093195481
3.156268133602183
3.3083113484485915
3.4381871398976114
3.5853593218289292
3.662639361673513
3.7072866143984267
3.569352981840633
3.608146302559114
3.566621536690838
3.551406735288432
3.7074489790073675
3.5898118807265034
3.9291019759804806
3.8584152503487936
3.7254394795993404
3.5856245212215034
3.3357323032887742
3.573033438672841
3.7893525098457093
3.7822264806550074
3.769105147362138
3.7881307093002214
3.82982384504586
4.000654876491289
3.8068687937364842
3.927088837100035
4.168458367964389
4.289877031954083
4.22495888238738
4.0588580903278
3.9003191448460646
3.9356157935777842
3.751558237012517
3.9398249840713127
4.0325536512568405
4.159475117803902
4.082074062301983
4.190818585313816
4.196638750931294
4.121656353235892
3.9432864280384776
4.145553484413542
4.255373814705379
4.41593048285387
4.27218342559257
4.127082091199016
4.087977393380496
4.180829267822792
4.383366837522028
4.450102274973023
4.5024599178347255
4.532155092898873
4.306487222487109
4.198360824202925
3.905849202068109
4.212531557692534
4.4221325398264115
4.579577378326927
4.344472724882721
4.29394617046521
4.202574690161519
4.120826773208902
4.235447178227523
4.411030848364045
4.4251623252918
4.443012204339725
4.397421401283683
4.377838484389059
4.334138546212106
4.421014376995477
4.490099410709689
4.499914775351211
4.572173174077481
4.38967437022798
4.318213110748672
4.322608710961509
4.498965540361274
4.675042640012523
4.697130544405069
4.773725655867233
4.763903500708664
4.793283856503578
4.799976757516152
4.745974390697664
4.712267761575543
4.9118640059266
4.736962156002456
4.7393216551553135
4.663836226087974
4.75423784978756
4.734576118235245
4.865203724775004
4.89105184556701
4.949721705709539
4.96072763163173
4.9581190666071935
4.98352803977678
5.006236982744184
4.939221039048773
5.040580854764506
4.869870730955765
4.840567822214429
5.013405661594961
5.148827570060842
4.947271871886987
5.004271015202401
4.961516857945335
4.9608144615175425
5.046005853159796
5.055863194191679
5.091606869620412
5.132763890068203
5.192848904795862
5.256251944179162
5.3094891309011185
5.165175973601139
5.214825987800527
5.225512729872499
5.219009449873908
5.361853801637103
5.306212177862875
5.276476273883576
5.495079653947378
5.388469134176323
5.404645269372219
5.474515296435045
5.462285851028538
5.4534962040706825
5.255585379492973
5.234559998486096
5.268891216113386
5.2988307038184
5.312135753012235
5.289665029633635
5.299814024949042
5.432934523286645
5.1121216543806165
5.29541193543146
5.23299433301713
5.481334879543464
5.473936903717581
5.440442210449918
5.550301353335715
5.553332012245767
5.491212940073525
5.5783864653384825
5.697394138524724
5.664849098200346
5.749367000230025
5.663021860256793
5.4824802479578665
5.461680150489018
5.5437368008900725
5.507370796842009
5.730180145306595
5.579496868887006
5.597348983990875
5.636239510540389
5.651194259254055
5.540974643616672
5.480741563281777
5.458672183008044
5.418726566087073
5.54006799129934
5.547173348620168
5.503806050953562
5.566583308207336
5.670568230118661
5.6831209949092045
5.8606138505051755
5.781403143399703
5.71091150885273
5.773325903734792
5.819438883637564
5.918556557709696
5.8227105495929194
5.775023782615367
5.645690242397476
5.806515706248048
5.893360164325902
5.95818410698327
6.208541077572641
6.178239127814052
6.209470491242472
6.10119159481351
5.892043277622267
5.795151719984791
5.855420009550956
5.9627335660839025
5.951951734385663
5.993780190927948
5.986646911240964
6.01084372575701
6.133580622408936
6.117476613568928
6.070092254622583
6.005608340690117
6.063179438111147
6.0763368035889425
6.006173444459966
5.9937856352801395
6.072739124240522
6.169849906935857
6.258054588550355
6.194581153481316
6.292629609114962
6.341819395508082
6.383973469649181
6.2027494772928895
6.138328636743738
6.167595955662101
6.145928923860515
6.304215167946725
6.353042258110732
6.275476812637555
6.399793244690938
6.447986317781209
6.434604502908916
6.319011390691647
6.201961592762008
6.23914940443929
6.32113569027614
6.3567512719931045
6.33568288938381
6.304963165847031
6.377011721686985
6.399733215296723
6.439645004073016
6.374590494288388
6.365057317844023
6.4317389565869565
6.545030297635343
6.243565642271426
6.3624025094538785
6.268374974178147
6.19338964261031
6.2159292628997544
6.26619712679389
6.3524702346818325
6.314285771499367
6.393627982012908
6.3835387154437555
6.611714147150615
6.648479592618784
6.628846546503721
6.636880768149714
6.430579257622729
6.545400613129413
6.439804770348546
6.431925781266878
6.432780459772647
6.490649114502098
6.40801383585818
6.361977345958123
6.442111325901611
6.542676846060886
6.590422957952565
6.675131363851737
6.614165329466776
6.585559226380736
6.530882569772316
6.613672013531559
6.53214106437056
6.498987039350264
6.465767801394803
6.560884053757065
6.580408495406049
6.566515610788659
6.486381151771207
6.566692229681856
6.713934580782527
6.690304020137776
6.708854973256075
6.709075423830993
6.735753489441886
6.700396336439398
6.648098769004589
6.484487609677776
6.524843107329735
6.606902021409661
6.476933516374665
6.487164566507049
6.531766988574457
6.671733024292463
6.831176991685184
6.82531187908297
6.852168520911511
6.945147260687878
6.91317336048985
6.92792461402644
6.944195319870518
6.884271458758973
6.884243176991398
6.955146526157969
6.945240027759864
6.903818143298128
6.8812721169906785
6.817027584765456
6.835761919866204
6.903241587446813
6.987526956378953
6.911620241591341
6.949789445934735
6.934952739530011
6.952230203297898
6.95726358410792
6.896170218928905
6.941372552919868
6.92630351123033
6.971066326139716
6.88396382081048
6.936490913097329
6.870347492657893
6.867215089548051
6.85427525740914
6.981445807259628
7.018429322665971
6.993322500147176
6.9050578642806055
6.943428415656948
7.012413979405084
7.102802852304868
7.218886191628447
7.108458795407672
7.0232462892222385
6.858595860234841
6.944301524509237
6.993878526404442
6.9192521784063
6.863755662084349
7.2331899589886826
7.366463482469883
7.464969465204462
7.4577498917045055
7.4600264980781335
7.438216127686169
7.391621179622724
7.349630326538095
7.473373977428335
7.1171590828346325
6.861506538626048
6.715331331088217
6.568856144357064
6.361795325437765
6.640758964078614
6.651237724413478
6.6763398675664645
6.739005303443274
6.680912906302792
6.766869354206176
6.841164714275011
6.983185180048782
7.04354643123817
7.135076636559695
7.273920471084278
7.167996166144089
7.070127831517912
6.934211602986368
6.802061857331092
6.795468859499267
6.594877106194643
6.871080358599028
7.045645074175835
7.060599820579403
7.057085281941547
7.006233648713628
7.01484744049948
7.036898843386972
6.87706445981677
6.917020128730382
6.90932682634299
6.880244965740977
6.842950243997161
6.823969127622029
6.88770033783375
6.80867980884134
6.685354699098382
6.703254849422309
6.684180905807577
6.548237994625094
6.629278020668417
6.577668765444378
6.654863716408802
6.626820186596202
6.681110812202816
6.553848754936467
6.60208837348644
6.547861364437627
6.599361489378987
6.619919424568256
6.610501324520407
6.57399564992598
6.3577694083723895
6.547989250487102
6.516901031054977
6.638379478771284
6.74071554442928
6.751889936047852
6.864341565361981
6.85116552616242
7.000279817031717
6.781889471458777
7.099898017170503
7.2633757962405365
6.965806700524612
6.5820380307673245
6.703510141869702
6.720765476381743
6.757000959917099
6.71960833327765
6.727883834404548
6.828799260283113
6.986237409297859
7.004667806808463
7.066207903669441
7.166577962650464
7.355049072297242
7.503859167054928
7.689802602267086
7.634362004805675
7.490678825266795
7.322339303054712
7.180413592620902
7.096243338280354
6.862614849190438
6.892014753942144
6.95949404588989
6.9641863579322125
7.318776527704983
7.432896970898941
7.512209694931515
7.542039073891458
7.559549906677445
7.5437727205618925
7.598902756336706
7.5520288457065154
7.389316115904033
7.386871646747978
7.288043728030742
7.10062972939033
7.099204760841372
7.217413804773995
7.453226886016854
7.609533440692021
7.704624078979322
7.648598493555354
7.538435997009745
7.582950065764991
7.540161823060598
7.462445987906049
7.297946857968006
7.265562535399319
7.284315229245666
7.4134471496072
7.376692803324757
7.2228310645502365
7.3447043425155885
7.381406859665395
7.485129765175138
7.403376938062568
7.434009676116925
7.364377763136929
7.351556166416451
7.279941430355893
7.143873495680295
7.061140102425787
6.7669591744901565
6.871031548503864
6.791937312951274
6.735468924563416
6.5971658473297135
6.8060116401191975
7.122274644184262
7.200512959942277
7.3477092316760615
7.295668562582683
7.313941794201014
7.258909186667994
7.213328089859766
7.084839466522438
7.023792874286563
6.888782379053135
6.897696098324345
6.9340884010514925
6.921378598192564
6.961081735045581
7.0849768053007205
7.2494171986665235
7.4127567064919315
7.4624982571364695
7.566314026103516
7.5683438290521865
7.552177580956216
7.628124292834541
7.518801336806251
7.270971983530778
7.386971313376408
7.377300989558724
7.259037330700234
7.131794680210098
7.227409762257427
7.236895634327246
7.3567863228741865
7.381222576532516
7.2655636100525
7.083416250787388
7.164932775381574
7.177702873777611
7.106091723360642
7.170429206853352
7.1279115796645165
7.070418506849888
7.084501930487641
7.1247610034247515
7.186760344164834
7.306169737353028
7.357858999951772
7.39626937313476
7.519355286894274
7.482855099083768
7.512586570271548
7.390595429884479
7.25696784948573
7.064970026601482
6.8291574743739565
6.886787061071042
7.005778110219063
7.091835685749962
7.029546668976608
7.161506485195868
7.333883452167817
7.434060998463224
7.598992885562829
7.662435336767294
7.675777010683894
7.706638855276623
7.716457252936302
7.70111149748468
7.537346592657773
7.269965565237276
7.185853717152072
6.968625127820343
6.976561947046926
6.816146595430453
6.928970388202814
7.002559131033065
7.1703503975594485
7.237160164393651
7.279087924655171
7.391996480770945
7.427761808704739
7.481140250032562
7.554027496121588
7.530062796407245
7.458138757019754
7.4355833959525
7.182198052366393
7.059902024676347
7.114196561390108
7.018885741510066
7.123708104221617
7.118818471214608
7.10467793698113
7.147847185511551
7.146647183220408
7.1394116284458224
7.139349033586659
7.107813695386181
7.122522103605591
7.222069855863302
7.309651575486633
7.4472653610421595
7.522205479141152
7.5083275015617525
7.452185445582138
7.506759322416311
7.415626376648213
7.444226602916405
7.394153378437754
7.493474936772941
7.508390930865972
7.494165224030203
7.497641904836882
7.4716569797108345
7.412360870219069
7.192833924268287
7.212692348928629
7.155013894569147
7.339761445693226
7.422300908701259
7.41494599391679
7.377722194625725
7.374943732062517
7.336480942824803
7.461751258304248
7.5229013707233054
7.671674405634361
7.750786082952008
7.81369999159763
7.762856026310536
7.673342947510876
7.676871923485892
7.399179597573495
7.486541754832911
7.427968532485097
7.493210936068251
7.491275437926713
7.571977097562349
7.7158270248716985
7.721882746752947
7.809887043088647
7.882000449528167
8.063718030194995
8.146980727839907
8.166477418711139
8.022837846982954
8.042505596545315
8.018378642677389
8.046843629156188
8.022851346190317
7.944826641764051
7.934811429066285
7.74878798555747
7.827509782071851
7.898203490503
7.969533167245508
8.162622005121886
8.194445555877897
8.086044945506455
8.221093748442291
7.962395355234454
8.030682569301646
8.046930917133015
8.099987673726025
8.109796787614389
8.134124677614492
8.041899350895923
8.190722340504493
8.112030574578128
7.920397305949986
