0.33359119381255453	0.9981353116746997	1.6587763791450625	2.26988913327783	2.77529513400676	3.046159642750194	2.8096163752961347	2.0145024206209086	1.1190904437547233	0.4530813099147772	0.07508906914725623	-0.020832397840174564
0.3422879239919978	1.025335211769778	1.7091025851870703	2.3493413260560714	2.8906177983481784	3.210789018266201	3.0376770653972236	2.26444530607156	1.3290283978205837	0.6028217039835102	0.1650129382443653	0.009503137388890063
0.3499639353070284	1.0495618709533212	1.7544713924478206	2.4214889142905927	2.9954949719781894	3.3610029617902573	3.25120382085035	2.508590627680398	1.5393013892844625	0.7534338772937573	0.2552119914798871	0.03983256956160042
0.356483443620507	1.0704314144182907	1.7943488748958059	2.4858168035323436	3.08958749399106	3.496612600565205	3.4490512682774126	2.7454091130807003	1.7495594438920226	0.9050546853002771	0.34575647533345305	0.07016112514023384
0.36173227479482817	1.0876178045370215	1.8282799737390558	2.5418978146191957	3.172641211762567	3.617546326457026	3.630497830527304	2.9736356033126548	1.9595064303601788	1.0579910938739479	0.43685030867528973	0.10053213470451725
0.36558494984817974	1.100759297284376	1.855745026998362	2.5892091889619437	3.244278364241261	3.7236076794241666	3.7947927311942555	3.1918115808541083	2.1686061973222523	1.2125208959506766	0.5287513272285399	0.13101466875834353
0.367901953686532	1.10944986571744	1.876143471358473	2.627105956229519	3.3039620682132114	3.814440074304288	3.941108800817586	3.398204663175189	2.3759902732652463	1.368810804497738	0.6217337706173486	0.16169673527217823
0.3685356512078284	1.1132559115471867	1.88881813698259	2.654848000578088	3.3510218480164915	3.8895422942011018	4.068551089599589	3.5908135327325397	2.5804108643242003	1.526862399812292	0.7160623494206068	0.19267848886928504
0.3673357401378901	1.1117317323326619	1.8930778453957458	2.6716252531752005	3.3846774782675033	3.94828322104917	4.176163220273318	3.7673791810800954	2.7801969230013257	1.6864538751113964	0.8119633118576526	0.2240646474555929
0.3641538610856394	1.1044326435884089	1.8882165675231195	2.6765787200566376	3.4040583050941975	3.9899124347399466	4.262928120601008	3.925400719381669	2.9732137218394112	1.8470776935625957	0.9095924739192648	0.2559561437154125
0.3588282868125583	1.0908637298404624	1.873416176636224	2.6686646447309927	3.4080540770395045	4.013409136757008	4.327729026862454	4.062197547677043	3.1566047936518427	2.0077585410912233	1.0089726722747214	0.2884322579426652
0.35124174033989086	1.0706431322633616	1.8479937321917064	2.646952812956399	3.3956272923520805	4.017766164123766	4.369574726656494	4.175542330296376	3.327364329010026	2.167139120260032	1.1100292773821185	0.321573854994094
0.3413202371299558	1.0435094413714896	1.8114333904804931	2.610677683025916	3.3658674985806507	4.002052688466915	4.387512636530316	4.263416578131449	3.482442711674094	2.3234804255442305	1.212515479514823	0.3554423438595229
0.32900739039656	1.0092481488331622	1.7632713775162003	2.559096432364911	3.317845861010923	3.9652877195476215	4.380567621312892	4.323862813204496	3.6184914750090953	2.4745093142645063	1.3159023695579566	0.3900410734092132
0.3142707448931928	0.9677124581054352	1.7031349216028588	2.4915450904512557	3.250682818047124	3.90651337187364	4.347811172831817	4.355070919280807	3.7319568136583676	2.617401902376852	1.4193169961743675	0.42529249648310957
0.29710567935266463	0.9188371465936994	1.6307709990418144	2.4074830765385853	3.1636036561362	3.8248559572500285	4.288418555734652	4.3554503030059815	3.8191814918842084	2.7487789426631903	1.5214772846602875	0.4610123173445969
0.2775363495460295	0.8626438226983106	1.5460619605678896	2.306521940524045	3.055976659400818	3.719568365142624	4.201706067853687	4.323678440965827	3.8765075267435103	2.8647135304569367	1.620624573204982	0.49688049090574493
0.2556261718895398	0.7992654265527556	1.4490462867960459	2.188427577314153	2.92730109725325	3.59001328082979	4.087091445420342	4.258783074726248	3.900522924637956	2.960621620426007	1.7143290914074052	0.5323861955501278
0.2315177336727629	0.7290708132013367	1.3401292203915083	2.053377419368629	2.7774396811960425	3.4358093256300895	3.9441226287616535	4.1601999464810016	3.888745844671935	3.031887388207229	1.799517150448102	0.5667818862652283
0.2053798316889516	0.6525304822524566	1.2199361678140699	1.901872977613927	2.6065965041473493	3.2568578001947994	3.7725763105050283	4.0275732504008115	3.839289508865933	3.074372033587855	1.872833870528396	0.5991075196496085
0.17739028548394076	0.5701526815699482	1.0891831552260516	1.7345669536561397	2.415165517851462	3.0532719509657396	3.5724666836774976	3.860896656341292	3.7508531250745616	3.0841810972849113	1.930561054778769	0.6281647860545176
0.14773679746373528	0.48248690414437945	0.9486907822426289	1.552302046026343	2.203802312161673	2.8254819307185466	3.344177283708834	3.660656287902218	3.622904757875419	3.0579405596766476	1.9687757261317749	0.6525337136310618
0.11661667883379902	0.3901233604470105	0.79938969689155	1.356136225351557	1.973478780429849	2.574320651223159	3.0885728730522453	3.427950907413882	3.4558346076691953	2.993078137941525	1.9835480535474521	0.670605179217323
0.08423498405325884	0.29368676051999093	0.6423138425294673	1.1473478326758197	1.7255111257170526	2.3010783245982567	2.807076217407212	3.1645736841626935	3.251059775681164	2.888080249791482	1.9711670035786628	0.6806295203382449
0.05083531219440516	0.19391571115239312	0.47871355550271527	0.9275721034762573	1.4616943740616042	2.0076136975645715	2.5017467689717385	2.8730416185126293	3.0112282461472297	2.7432886073825222	1.928731546962335	0.6808176312253459
0.016683126265988456	0.09165582153167474	0.31011260321161926	0.698941489642671	1.1845078080715938	1.6965586826382466	2.1754154108436885	2.5565813512707174	2.7399441862878735	2.5610178707077322	1.8551693669175089	0.6698645785963023
-0.017977688741693608	-0.012286782962374178	0.13802967341725456	0.46368776860654504	0.8966816980921098	1.370947072026808	1.8314305692066695	2.2190243323074235	2.441517421419011	2.3447310892741307	1.7508740351471215	0.6470427476416825
-0.05290174535505886	-0.11710494475679077	-0.03600818607386732	0.22410708749633942	0.6011227860588891	1.034137177658434	1.4736115199517732	1.86481398214959	2.121114624283845	2.099267863157291	1.61777859448565	0.6122464582309487
-0.08783651504285032	-0.2219766385566505	-0.2104543509549102	-0.017440124546633136	0.30090679531685804	0.6898052108131748	1.1062449510547698	1.4989990519976457	1.784727752444726	1.8307968089471003	1.4594623961845978	0.566112327697976
-0.12251898455737259	-0.3260581236641309	-0.38374421966070993	-0.2585505703079775	-0.0007619341546691226	0.34189194579158255	0.7340203270993833	1.1271524706682174	1.4390552219228068	1.5466535452027979	1.281122344661778	0.5100833501395244
-0.15667053065523268	-0.4284740665007706	-0.5542822981758483	-0.49675728214664	-0.30052167658470796	-0.005405197582631482	0.36193952231037657	0.7552232166485405	1.0912882451363677	1.2550394596572128	1.0894257575689	0.4464363700063539
-0.19002797454635784	-0.5284249248172184	-0.7205708469873768	-0.7295779086645762	-0.5947833385261038	-0.3476335924948864	-0.0050178910080465626	0.38885219658275244	0.7480285960988426	0.9635169610059562	0.8913976125923748	0.3780090577660485
-0.22243258162766685	-0.6254342548979861	-0.8817169190226998	-0.955463708080928	-0.8811567780556739	-0.6815514263716216	-0.3629903227479593	0.032321123462382195	0.41411886980447754	0.6776894711138255	0.6925168490682456	0.3071765195235861
-0.2537522308469952	-0.71912107387529	-1.0370515892285588	-1.1732770737458054	-1.1578538997607934	-1.004655641204393	-0.7089459983551584	-0.3110384700503183	0.09333048950897656	0.4020642661337594	0.49745124484147174	0.23608153959451145
-0.2838619019008205	-0.8091437585319919	-1.186033083314464	-1.382149759485732	-1.4235138933057665	-1.3150248076998794	-1.0405797576399092	-0.6387559071954564	-0.21154706625929923	0.14010891833063863	0.31006517888491003	0.16661569709031723
-0.3126318562780994	-0.895164895485949	-1.3281910183721097	-1.5814131713418982	-1.677128408272197	-1.6112442269220038	-1.3562395797579987	-0.9491501757645986	-0.4986428319552655	-0.10571642384736805	0.13337157496297553	0.10036462726868951
-0.3399152197130657	-0.9768140813435793	-1.4630663913508106	-1.7705208162473378	-1.917954409629424	-1.892313646471113	-1.6548301861348274	-1.241230161666889	-0.7669059763894006	-0.33388250809643	-0.03046567363061965	0.038576163949511355
-0.3655480139297591	-1.0536902649662268	-1.5902145617809038	-1.9490447893503056	-2.145499213170626	-2.157632927495494	-1.935774794705659	-1.5145885891920627	-1.0160698325040185	-0.5440482279965659	-0.18066372118962049	-0.01815754643875986
-0.38938442921165445	-1.1254713449859621	-1.709391466147463	-2.116913550986984	-2.359775471833261	-2.4072350376202047	-2.199187916341416	-1.7694916360540345	-1.246590186105855	-0.736794278729698	-0.31756288991718323	-0.06984128779063394
-0.411241318511337	-1.1917412259061406	-1.8202673135889904	-2.2740380676537284	-2.560877973161893	-2.641332145308899	-2.445461031144149	-2.006589891140275	-1.4592965118406778	-0.9129019632189181	-0.4415955495586615	-0.11653370150770968
-0.43087399484546135	-1.251911940399206	-1.9222858021596068	-2.4201123355388825	-2.7487420710981962	-2.8600645908374984	-2.675010409090433	-2.2266537651914278	-1.655234092522926	-1.0734581484709405	-0.5535476269179275	-0.1584795743763396
-0.44797459168212933	-1.305211928340252	-2.0146312267743864	-2.554555375928397	-2.923064403156951	-3.0634034300444712	-2.8881600609980747	-2.430437485483504	-1.835513502094889	-1.2196970506521112	-0.6544144983121368	-0.19604552245152868
-0.46217413719429945	-1.3506839362280214	-2.0962077545290563	-2.676466109475487	-3.0832370168739742	-3.251068087735957	-3.085042197719308	-2.6185618487116793	-2.0011789729761764	-1.3528600674053977	-0.7452708660252314	-0.2296604808845404
-0.47303422684586643	-1.3871553948577506	-2.1655797653185407	-2.7845250647914312	-3.228213268016077	-3.422367337018534	-3.265424592960184	-2.7913371270722007	-2.1530438658608277	-1.4740489259603617	-0.8271435868177857	-0.25975687852087787
-0.48009230788106266	-1.4133538407748998	-2.221143552338324	-2.877205115853713	-3.356723463987246	-3.5763775942573757	-3.428820388218775	-2.9487811549551366	-2.2916269864878136	-1.5840960835227553	-0.9008376736234707	-0.28667428421653823
-0.48298236267427264	-1.42821622222055	-2.2615265787385392	-2.9532434263775915	-3.467818297474001	-3.712522425089966	-3.5750451735310698	-3.091106559880471	-2.4174987359017526	-1.6837658767304902	-0.9670468094446483	-0.31070013218300596
-0.48137323680057853	-1.4307176104682668	-2.2852847810932495	-3.011180133084476	-3.560286425565804	-3.8299526724207067	-3.7036514825840734	-3.2182876413807695	-2.5310445586994	-1.7737037204966526	-1.0264063894413866	-0.33210863845673044
-0.4749960695179427	-1.4199445646553641	-2.2909799351039544	-3.049407379432709	-3.632673838353687	-3.9275489555175422	-3.8139221352859907	-3.3300426525724105	-2.6324398302433276	-1.8544111821635325	-1.0794720999914802	-0.35115074083533737
-0.46367798177217395	-1.3951884043201017	-2.2772893300106354	-3.066260488346348	-3.683351343874727	-4.003974343181437	-3.904912233522549	-3.425858678854953	-2.7216541948985356	-1.926236736039338	-1.1267056505841417	-0.3680463381105118
-0.4473735259575836	-1.3560361936146403	-2.2431174497020923	-3.060113696171672	-3.710586347943991	-4.057730711062805	-3.9754961379944724	-3.5050239128860357	-2.798464015375066	-1.9893738258034865	-1.1684664680093586	-0.38297913050351606
-0.426192008608419	-1.3024546599345344	-2.1877048578727165	-3.0294762627692267	-3.7126146012977417	-4.087213668046613	-4.0244137926539345	-3.5666621554686695	-2.862468997189857	-2.0438637040446097	-1.2050080049708818	-0.3960936435207285
-0.40053002540609706	-1.2351540882679195	-2.111090546679723	-2.97343627845299	-3.6879986428132856	-4.090942244851051	-4.050378479156919	-3.609755911623332	-2.9130624841879653	-2.0895685451440635	-1.236471953525983	-0.40749511749399575
-0.3710057597833188	-1.1555308969214477	-2.014204523968347	-2.8919213672792563	-3.6360539066612176	-4.068155059947765	-4.052731840750316	-3.6337499264610815	-2.949904130884721	-2.1264561333390923	-1.2630106151302811	-0.41727714391249165
-0.33828679177268656	-1.0652159942662611	-1.8983640340693086	-2.7852110484166737	-3.5563348727713984	-4.018288912946463	-4.030997190088843	-3.6382125685151645	-2.972696246315539	-2.154477420983365	-1.284744473949763	-0.42551857209298366
-0.3031063133871319	-0.9661071143712877	-1.7653466794438115	-2.654023536734682	-3.448653047752516	-3.940881517318515	-3.984719505678035	-3.622670164607736	-2.9810395811364896	-2.173474105036729	-1.3017256170557894	-0.4322772520844026
-0.26624133453932636	-0.8603227702095508	-1.6173942824741643	-2.4995891626651554	-3.3131712036084346	-3.8356520872173507	-3.913537922110585	-3.5866774548854528	-2.974488533715877	-2.183206508775278	-1.313945416526564	-0.43759072542001914
-0.22848820562243605	-0.7501422902271584	-1.4571916788724455	-2.323701904715897	-3.150483077271602	-3.702568576603935	-3.817244022032303	-3.5298769073685294	-2.952601681783075	-2.183381290440999	-1.3213428575408683	-0.441477153638045
-0.19063628133231944	-0.6379336745310034	-1.2878193112156886	-2.128745711196514	-2.9616756605590826	-3.5418989386558373	-3.6958219760373465	-3.4520418406901245	-2.9149827621424786	-2.1736755328964072	-1.3238117868454975	-0.4439360090519628
-0.15340062374825075	-0.5259928170045016	-1.1127046917353083	-1.9178999559388443	-2.7486856997065163	-3.354563037756142	-3.5496856109866295	-3.353197767568665	-2.861313586028237	-2.1537050910321005	-1.3211585007143634	-0.44493151700390426
-0.11727575194702929	-0.4160309837401591	-0.9348148527757959	-1.6943870728936836	-2.5138312613023914	-3.1419606531187756	-3.3798186259711964	-3.2339340071938043	-2.7916997029758455	-2.1232968537262127	-1.3132390144618662	-0.44442634141229814
-0.08261237511016141	-0.3093390414859727	-0.7566829425613696	-1.4613153698788506	-2.2595919194474163	-2.905667277542191	-3.187385347083879	-3.0950589509038324	-2.7064401279269137	-2.082375446314068	-1.299920200440939	-0.44237505069464905
-0.04964752906878633	-0.2068832415135065	-0.5805442885094043	-1.2218507901393212	-1.9888177717272442	-2.6475912531399546	-2.973744725853139	-2.9375327285778883	-2.6059477464097283	-2.0309016641966053	-1.281047275907485	-0.438715450775142
-0.018511495616504586	-0.10931270600576554	-0.40830275357714924	-0.9791656131677456	-1.7047322696536633	-2.3700142056955262	-2.7404825139890407	-2.7624956426524254	-2.4907886736441456	-1.9689167791939322	-1.2564733476782983	-0.4333773904591852
0.010761495416601692	-0.01697971155535429	-0.24151055100331453	-0.736378859154084	-1.4109080275929557	-2.0756073537484268	-2.489423650515692	-2.571276259558026	-2.3617028677459087	-1.8965746306264066	-1.2260842614810403	-0.42629069937374997
0.038218928090374915	0.07002613283614528	-0.08136373063163446	-0.496488990058726	-1.1112182282945657	-1.7674341952683843	-2.2226395250054405	-2.3653894770355746	-2.2196097769439236	-1.8141593533007065	-1.189814171150737	-0.417389988229361
0.06395495470855143	0.1517840325725615	0.0713306485313993	-0.26210272534868995	-0.8096320853604254	-1.4490070986483938	-1.9426528804941225	-2.146735988956937	-2.0657521061126145	-1.7221545296084464	-1.147645388311315	-0.4065997794247072
0.08808191205275692	0.22852022120532006	0.21624639127623174	-0.035041938839301554	-0.5094603914940291	-1.1234578389257763	-1.6517348629101816	-1.917164669418613	-1.9015237744741884	-1.6212803401323614	-1.0997277907772005	-0.3938927506010534
0.11073237332046261	0.300564331279642	0.3533507970770632	0.18335992559914338	-0.21358725609259335	-0.7937308806382368	-1.3519812818604013	-1.6783671120158787	-1.728277587182053	-1.5123141631197323	-1.0462773819841455	-0.37926380691705036
0.1320513773449019	0.36830893193118847	0.4828296100450908	0.39218006951951145	0.07545792431279898	-0.46270591976232234	-1.0454476070386698	-1.431945479316805	-1.5473321872649108	-1.3960678857543942	-0.9875550555667155	-0.36272325459720806
0.15218879583083897	0.4321829529852162	0.6050383720772463	0.5908659504844865	0.35551285283333695	-0.13318336696145414	-0.7341576360391289	-1.1794135602016274	-1.359962936332259	-1.2733827101914226	-0.9238728362874202	-0.3443027147551549
0.17129208828920603	0.4926260510792189	0.7204514184774371	0.7791827003072216	0.6247819885977444	0.192132413614953	-0.4201081729623855	-0.9221956834907452	-1.1673883532956055	-1.1451169835842403	-0.8555937608417008	-0.32405864411747604
0.18949261409449342	0.5500440262315942	0.8295877184181979	0.9571479250778797	0.8818264093259904	0.5105989276491766	-0.10531565796116305	-0.6616395218639982	-0.9707769132226893	-1.0121461470553492	-0.7831335510368941	-0.3020744045856783
0.2068556231240736	0.6046544891082893	0.9328061956255214	1.1249610529720164	1.1257501842443034	0.8197004135962384	0.20815502171259115	-0.398975065334694	-0.7712849782928043	-0.875439591457162	-0.7070297241716114	-0.2784884350437968
0.22344010944578727	0.6566582889603265	1.0304678983040323	1.282976171569485	1.3562734520557411	1.1178641931685693	0.5188346037036558	-0.1350360189724876	-0.5697151919534345	-0.7358222397297419	-0.6278479475828184	-0.25348667360690097
0.23929371032120147	0.7062271902064061	1.1229190471411192	1.4316263094586714	1.573407792218231	1.4038962688995802	0.8254241039376958	0.12951126312822464	-0.3666694502698522	-0.5939937719548248	-0.5461225543285816	-0.2272608748969373
0.2544480425659224	0.7534888283982203	1.2104647998641194	1.5713819906859416	1.777372645892297	1.6768547793249433	1.126684890686155	0.3940928663084283	-0.16260193148325824	-0.4505474016230489	-0.46235285839652907	-0.20000312753231497
0.26891973450432377	0.798528244564078	1.2933617057030973	1.7027174538044523	1.9685313031986609	1.9360048544506359	1.4213962917914789	0.6581796672622418	0.042156319676638035	-0.3059727211370686	-0.3769959709219553	-0.1719015169472355
0.28271142720057396	0.8413895217654069	1.3718113713571716	1.8260799038121156	2.147328486139558	2.180771019542938	1.7083141080483046	0.921239419829358	0.24737137600373527	-0.1606590033386138	-0.2904586376099966	-0.14313492690899587
0.29580251750417486	0.8820466443699332	1.4459039634450692	1.9417958687845351	2.31417727233486	2.4106923491958936	1.9860972693016319	1.1826280554852975	0.45285786723101606	-0.014897900292955225	-0.2031092658639175	-0.11388066063576123
0.3081421900961164	0.9203783446459044	1.5155587650328533	2.0499677859370613	2.469379988914674	2.6256527826808744	2.25360032191928	1.441669629242757	0.6585356339293508	0.13117228022276017	-0.11527764278802823	-0.08432511752317855
0.31969645606201885	0.9563116580519506	1.5807669399885693	2.1507878717382507	2.6133648606730144	2.8258610067750447	2.510118387505784	1.6979761372161641	0.8645451617585099	0.2775811088942154	-0.027130867730302842	-0.05458675312385085
0.33041434110161355	0.9897240647505084	1.6414421702145943	2.2443532891848035	2.746476144715591	3.0115370289936965	2.7549137960612904	1.9510424893316558	1.0710435908310254	0.42445885195456323	0.06125551017705745	-0.024748389480891333
0.34022714315341807	1.020440597094723	1.6974129270704144	2.33064895241893	2.868942580453625	3.1828636846907448	2.987167759168397	2.2001812040892816	1.2781473793341633	0.5720100536167825	0.1498851592771894	0.005139359255360463
0.34905033567613986	1.0482387833196392	1.7484275495626194	2.409547424688471	2.980863739072504	3.339951601460665	3.205957389296653	2.444480075059699	1.4858805612017958	0.7204855878192657	0.23883209155924193	0.03505706266596165
0.3567853729544564	1.0728533123126585	1.7941591529115066	2.48080956565759	3.0821991938968343	3.482807884556215	3.4102367360894807	2.6827619448330955	1.6941203398588027	0.8701517967758389	0.3282301239349764	0.06501486775504607
0.3633170690401555	1.0939675241939946	1.8341892261672126	2.54405777832185	3.1727289354179	3.6112836042961884	3.598814075947778	2.913517690387196	1.9025238503315536	1.0212474068332542	0.4182530126895633	0.09504790031378027
0.36848997169467435	1.111139640095102	1.8678805216607854	2.5986048350763573	3.2518635361225012	3.7249433620406336	3.7705327125023897	3.134861077590297	2.110426619670176	1.1739310951592865	0.5090638047325611	0.1251981064813005
0.372173964786728	1.1239953874279371	1.8946892816892367	2.643873494673036	3.3191245553225444	3.82346797490676	3.9246066360616263	3.345180958910248	2.3171076672656756	1.3284309203713505	0.600940580289053	0.15555114094824224
0.3742322967755707	1.1321363972478393	1.914021150915948	2.6792040422238315	3.373918763207631	3.9064056295202048	4.060192950645981	3.542683013222752	2.521514509342733	1.4848464712301506	0.6941805864273937	0.18621320717697365
0.3745175407631263	1.1351276310701839	1.9252080945902543	2.7038185990727075	3.4154938199495333	3.973130673642663	4.176352503670498	3.725307686401798	2.722173189699827	1.6430595448765006	0.7890490558286269	0.21729714156554028
0.3728786954142328	1.1325177151548882	1.9275388121652446	2.716856883327972	3.442975438267168	4.022875487892395	4.272073158228617	3.8907626008013296	2.9171591788685	1.8026738810122218	0.885746099097374	0.24891364703881197
0.3691675816145281	1.1238574295869932	1.92028670411965	2.7174092560360625	3.455401714265181	4.0547599032396455	4.346289691267199	4.0365604519661185	3.104074366521494	1.962951242297563	0.9843694683668601	0.281161354617133
0.3632440905797956	1.1087150581234884	1.9027333450110062	2.704544372458168	3.451751332612517	4.0678141905501075	4.397895984625247	4.160058527905928	3.280030276052127	2.122744176787526	1.084872992131252	0.3141156712399873
0.35496782110518976	1.086645254651831	1.8741042229007059	2.677216702870341	3.4308440682782297	4.060880202878613	4.42569550369604	4.258581217600428	3.4414638527242376	2.280272805374066	1.186981298513811	0.3478069035632825
0.3442484386571543	1.0573305975059668	1.8337781578036623	2.634510545568229	3.3915832666594254	4.032812676594092	4.428561696011608	4.329962496198659	3.584706992015249	2.4331875083086816	1.2901685713498605	0.3822295293377152
0.3310530547347699	1.020618649023232	1.7813761214213155	2.5757704339980054	3.3330949957803067	3.9826235761587485	4.405469581546536	4.3722997119849865	3.706296106748226	2.578788804237413	1.393628466338216	0.4173247489639026
0.3153713782432844	0.9764199338334645	1.7166004245328048	2.500406326924146	3.2545389695556812	3.9093311352964744	4.355418652551319	4.3838366467385494	3.8026396487923795	2.7138260076489855	1.4961480789368475	0.45292930436401185
0.29722057107914834	0.9247254916250474	1.6392714170427107	2.4079515251834374	3.1551831752787547	3.812045233452678	4.277520029206049	4.363060932007806	3.870157433900367	2.8345363395511707	1.5960529851308145	0.4887471694775958
0.2766475904926455	0.8656171047374716	1.5493531297848724	2.2981076324793235	3.03446487101176	3.6900390850495275	4.171069832552375	4.308784549093423	3.905423587719233	2.9367050423388994	1.6911562545511818	0.5243187965716927
0.2537283686483063	0.7992681124172001	1.446964049253146	2.170771013602241	2.89203095017943	3.5427988711226583	4.035599179403056	4.220196611773701	3.905299265104087	3.0157435227959435	1.7787128740341596	0.5589879760408789
0.22858036988768016	0.7259754550944562	1.332413838035526	2.02605788635188	2.7277474247349573	3.3700242437249672	3.8708493524270504	4.096903195415254	3.8672551634974512	3.066761635310947	1.855235936405202	0.591827024669311
0.2013971250760591	0.6462733142589338	1.2064091942704709	1.864574841233512	2.54195908429137	3.1717983434589443	3.6768125226808195	3.9389085676283684	3.789915210762995	3.08544936324255	1.916749900411223	0.6216067182122417
0.17238564964129402	0.5607664013067548	1.0698475850482008	1.687256767880213	2.335409993773043	2.948588863719912	3.4538363383851567	3.7465551351209285	3.6725538779714926	3.068402236310018	1.9593747309379246	0.6469220110233981
0.14175867038349138	0.4700899892068667	0.9237165546753954	1.495214667024231	2.1091007466610394	2.7011882016227036	3.2026556392744547	3.520692302231495	3.5152564517851133	3.0129779216814905	1.9792635378388184	0.6662025262356635
0.10973752209607691	0.37491819357121375	0.7691114237706571	1.2897745350922303	1.864359793275694	2.430823056390707	2.924536729269323	3.2628395691483405	3.3191074538745555	2.917609633159695	1.9728858108856557	0.6777924620443584
0.07655391840388374	0.27596810025457147	0.6072437053821477	1.072500364320246	1.60289296333636	2.13923754235241	2.6213916249838283	2.9753152348586283	3.086333520673159	2.7820880170034843	1.937336974197916	0.6800519976179878
0.042450277739945884	0.17399851250656204	0.4394370096148944	0.8451947576641557	1.3268008523388908	1.8287357825715862	2.295844589169358	2.6613113070737056	2.8203812581569316	2.6077782471391227	1.8706489448858343	0.6714756501161776
0.007723887921192013	0.0699448133117618	0.2673182974596543	0.610100969662734	1.0387616633554977	1.502349017958929	1.9514063409826423	2.3250234858264736	2.5260889274194955	2.39839111777336	1.7727904712909377	0.6510527320753082
-0.027327858156582854	-0.03522910531921368	0.09266024069717724	0.36982621588959025	0.7420569370395459	1.1638529249079461	1.592321672221586	1.9712869396104171	2.2089683629325507	2.1591196654453504	1.645857514236862	0.618674421046254
-0.06244530765372537	-0.14067067376635112	-0.0829032511127114	0.12689722259298655	0.4400110569958256	0.8171859375613021	1.2230529938852115	1.6051966333880094	1.8748604748408069	1.8957773828103226	1.493152670839727	0.5748919250355977
-0.09737590699169581	-0.24555746731775685	-0.2578015319374829	-0.11623078317989062	0.13591749984817283	0.4663441938291713	0.8482185422475058	1.2320924766448946	1.5300088510356158	1.6150028347797833	1.3192760552758196	0.5209377036097217
-0.13187107944280108	-0.3490908729298699	-0.43052788125715336	-0.35719331123901343	-0.1670028990386658	0.11531824089933765	0.4725086831874171	0.8574525049620861	1.1809122437113224	1.3240497007107976	1.1299793580103477	0.45871955665266334
-0.16568457884466123	-0.45049405696780914	-0.599647283898343	-0.5937467979541757	-0.46566066557704716	-0.23199586811950806	0.10056677765469191	0.4867416503345028	0.8341246790314303	1.030507960681661	0.9319110810594189	0.3907515043786116
-0.19857237712446152	-0.5490159128225817	-0.7638117293344397	-0.8237947292040536	-0.7571238768941125	-0.5718354743332124	-0.2631360956745995	0.12516001613284652	0.49590093135177976	0.7418256277041513	0.7321452797822101	0.3199805348836177
-0.2303491968119459	-0.6441088692816831	-0.9220447074788345	-1.0457149682975473	-1.0388975311709818	-0.9008180824439643	-0.6147928295845146	-0.2233221340316899	0.17076489945228537	0.46337653301547116	0.5362258210607304	0.24896000391616094
-0.2609233879137353	-0.7355206228709503	-1.0739093534203046	-1.2587269639098282	-1.309663936015917	-1.2169972960089794	-0.9520078669308664	-0.5560847541895988	-0.1383751904400635	0.1986037275896825	0.3478935654064599	0.179520720092282
-0.290216556626376	-0.8230578038769244	-1.2191261036246943	-1.4623626062397135	-1.5686066475749076	-1.519119881148841	-1.273215957746729	-0.8714362633171823	-0.42966243493402023	-0.05019027886238207	0.16988312840696893	0.1130923782211904
-0.3181445356784433	-0.906530113953516	-1.3574806868478795	-1.6563345571784815	-1.815235010276075	-1.8064193547974359	-1.5774995163382322	-1.168477905562686	-0.7021664239735286	-0.2817317639527866	0.003990784688145708	0.050714899279785425
-0.34460318039408466	-0.9857074490864299	-1.4887533002384836	-1.8404406649093423	-2.049269732080015	-2.0784857286175202	-1.8644428417863104	-1.4469447387341754	-0.955715447008009	-0.4956146540344701	-0.14882030727208884	-0.006937704391366194
-0.36945409140844254	-1.060276550691678	-1.612646147937948	-2.0144644927255264	-2.270521603357424	-2.3351257871031557	-2.1339747545223737	-1.7070323455528993	-1.190710383147703	-0.6921192944732001	-0.2882945823025759	-0.05952232677772929
-0.3925194839970895	-1.1298307113277521	-1.728769724231709	-2.178149332773656	-2.478836865227072	-2.5762749938044345	-2.3862437540968844	-1.9492111519134487	-1.40786015308937	-0.8720214907452918	-0.4149714759118879	-0.10716130897544957
-0.4136185809582391	-1.1939783305395633	-1.8368266825065382	-2.331439559331606	-2.67436823882726	-2.802246638942429	-2.621779581013635	-2.174275667524665	-1.6081378790134513	-1.0363070196606778	-0.5295900557766842	-0.1500940591076552
-0.43251822946711094	-1.2521846324961872	-1.9363370112891796	-2.474109263384407	-2.8571479666363877	-3.0133026458663843	-2.8411263192930836	-2.3830963669992995	-1.7926628518361258	-1.18612668075352	-0.6330102568255064	-0.18861239819672185
-0.44892111804153645	-1.3037282452025567	-2.0265500915682035	-2.6056299934241687	-3.0269215054394976	-3.209471922372348	-3.0446645714441933	-2.576454409729325	-1.9625470844581638	-1.32270350218714	-0.7262248085091958	-0.22309119227661126
-0.4624711826698362	-1.3477070274973606	-2.1064343895789257	-2.7251383085598464	-3.1830967051845827	-3.390485946682244	-3.2325325536674314	-2.7549474382950243	-2.1187897735843895	-1.4472219974647886	-0.810257745690528	-0.25394198404251556
-0.47276298111265097	-1.3830540466833117	-2.1746798505341056	-2.8314166762024455	-3.3247067795784315	-3.555729760155004	-3.4045650966214454	-2.9189146053507815	-2.262190943600747	-1.5607359072487261	-0.8860783596133469	-0.28157296156775646
-0.4793506598575255	-1.4085521811575672	-2.2296972987611716	-2.922867570653428	-3.4503613677580276	-3.7041776675342546	-3.56021891215493	-3.0683519076912846	-2.3932635848146098	-1.664083474601868	-0.9545262099699074	-0.3063542388342508
-0.4817738058699639	-1.422889304236293	-2.2696830315704464	-2.997567738821424	-3.558269037330554	-3.834361985722084	-3.6984875874851433	-3.202777327783371	-2.5120887926336612	-1.7577585282571448	-1.0161943206702968	-0.3285593327284806
-0.479720491373137	-1.4250812527940748	-2.2931826185270605	-3.053946768345164	-3.6470331546579327	-3.945239695259047	-3.8187357367010084	-3.3219621022948713	-2.618844894897557	-1.842217102786823	-1.0715706686106408	-0.3484036238490929
-0.4729650481773139	-1.4143106252330178	-2.2988233187259484	-3.0903804796387435	-3.715121445966386	-4.035611783268595	-3.920164431146158	-3.425511472831668	-2.713561555173841	-1.9178045211654713	-1.1210765520961066	-0.3660813195564166
-0.46137729111371273	-1.3899573681213586	-2.2853427037146914	-3.1051825463440115	-3.7608103481892146	-4.104036631044388	-4.001718754647426	-3.5127747363403925	-2.7960473937941392	-1.9847114511589259	-1.1650460913191973	-0.38175932985252564
-0.4449522920630383	-1.3516878470488105	-2.251707316437213	-3.096716984134871	-3.782277285652834	-4.148906641339224	-4.062154434129927	-3.58289488116473	-2.8659151204689914	-2.042980199975842	-1.203723703140642	-0.3955746980139647
-0.4238353360439686	-1.2995354867416429	-2.1972276311980576	-3.0635116348434006	-3.777694718326359	-4.16852548360263	-4.100105638322715	-3.6348621276953286	-2.9226121062262718	-2.0925157841513626	-1.237265116694574	-0.40763350531394227
-0.398339875229281	-1.2339671448929252	-2.121662796257734	-3.004366850906554	-3.7453205726243506	-4.161180396812936	-4.1141482462231895	-3.6675663099473494	-2.965452726652929	-2.1330995034139657	-1.2657406949910992	-0.41801084998598753
-0.36905762817498766	-1.1562064159812941	-2.025665570912811	-2.9188061525894065	-3.6838768114244007	-4.125393297575305	-4.1029180201353785	-3.6798269182027603	-2.9935891758316506	-2.164352454524332	-1.2891223598381563	-0.42674994263914867
-0.33673289816152857	-1.0680235288448676	-1.9107341242679234	-2.807256690735268	-3.592926603188109	-4.060496748458437	-4.065783115060658	-3.671024103652116	-3.006514739231639	-2.18604898659003	-1.3074248131236221	-0.43389587291062914
-0.30209083240993057	-0.9712650066323518	-1.778656821822236	-2.6705360433680476	-3.472379377601545	-3.9661383093640583	-4.00242097859122	-3.640785455906418	-3.0038611481166972	-2.198000787614154	-1.320653898453257	-0.4394848053308127
-0.2658711207467905	-0.8679248103569304	-1.6316137131947257	-2.509970342521987	-3.3225545234325877	-3.8422072990282587	-3.912645652293303	-3.5887981672444043	-2.9852324968980164	-2.199943997604071	-1.3287560217123744	-0.4435333673189381
-0.2288050301264478	-0.7600879945334127	-1.4721538322677414	-2.327449875973674	-3.144281275789554	-3.6889264465961014	-3.7964869790484816	-3.514887669748624	-2.9502744834809427	-2.191581717693354	-1.331634273857349	-0.4460417260898038
-0.19159293380260106	-0.6498681515623306	-1.3031507834799139	-2.1254575822856934	-2.938977018970153	-3.5069249361219965	-3.6542505211490814	-3.4190792410979145	-2.8987337859877065	-2.172623709356885	-1.329164447360961	-0.44699676534043103
-0.1548831207363518	-0.5393405206148808	-1.127735189604368	-1.907063918960699	-2.7086963334182186	-3.297286697249505	-3.4865529732024854	-3.3016376752847703	-2.8305032935684484	-2.142820445377736	-1.3212096526949586	-0.4463750271678743
-0.11920716386623356	-0.43036222378308514	-0.9491597733293986	-1.6760294915291871	-2.456445583624953	-3.0619221274024886	-3.2946089129800242	-3.1632436713922103	-2.745707045097456	-2.1019718125050275	-1.307595814662313	-0.4441299211786979
-0.08489272863059363	-0.3242209734396414	-0.7701130799047431	-1.436021297170617	-2.18561813738977	-2.8032704177633394	-3.0802338854894553	-3.005187860637105	-2.64496276105724	-2.0501547223631387	-1.2882313241227021	-0.4402203706049384
-0.05215163026323917	-0.22183932203040352	-0.5927875877337134	-1.1903782270929912	-1.899591064166504	-2.5238351237003425	-2.8453366446958257	-2.828940357343183	-2.529105411624707	-1.9876027991660934	-1.2630786257107895	-0.43460906232330915
-0.02109907424826725	-0.12384707176867936	-0.4190236765957683	-0.9423180422519435	-1.6019736176972315	-2.226415963977784	-2.5919921036093667	-2.6360990718928345	-2.3990937913222488	-1.9146226636543284	-1.2321069802716236	-0.4272496421910654
0.00823597707773128	-0.03060122033888721	-0.250296278303329	-0.6948763093752475	-1.2965584355060853	-1.9141037959403733	-2.3224417492094704	-2.4283873939275926	-2.2560211462651343	-1.8316202343023755	-1.195317075526648	-0.41809548507509914
0.03589782675590684	0.05778413850539943	-0.08771717634240221	-0.4508494451908873	-0.9872548117564897	-1.5902548544154267	-2.039078732602831	-2.2076361338672172	-2.1011093564843444	-1.7391141904604848	-1.1527595947225253	-0.40710717604038205
0.06198801382736643	0.14139686924913675	0.06794609236310173	-0.21273943740614573	-0.677997074919208	-1.258437718000311	-1.7444156210269857	-1.975750886092219	-1.9356887089765327	-1.637737678784678	-1.1045474849155077	-0.39425830193105016
0.08660658529992359	0.22037953550356326	0.21620896730541941	0.01751578758846583	-0.3722762704159117	-0.9221164740211513	-1.440980007850259	-1.7347270093809783	-1.7612694045076487	-1.5283146147119324	-1.0508958685541374	-0.3795408074064608
0.10986339749668718	0.2949713883704279	0.3569235454343735	0.23858712835809734	-0.07296427528898074	-0.5844327353570994	-1.1310966458722385	-1.4864175711704752	-1.5793452456383106	-1.4117479009355323	-0.9920971632161087	-0.36297065557772645
