params
0.3
0.031194886130117797
0.031194886130117797
0.031194886130117797
0.031194886130117797
0.031194886130117797
0.031194886130117797
0.031194886130117797
0.031194886130117797
0.031194886130117797
0.031194886130117797
0.031194886130117797
0.031194886130117797
20.0
0.4
0.1
3.3300000000000004e-10
init
0.977861157916238
0.9711280645424785
0.9515282129486304
0.9373970550600741
0.929617448072968
0.9285551425732792
0.9473795590928442
0.9975358884810207
1.0495710808900804
1.086166544596144
1.1076412712979675
1.1156185745282996
0.9449030556448029
0.9389745416228062
0.922331400970006
0.9124984278263452
0.9104039103003487
0.9189348261674343
0.9530976930457687
1.0178983219158793
1.0749581355566664
1.1078378732543475
1.1202052913047473
1.1171880208373863
