0.0
0.5294359777861614
0.8123455840310482
1.098900441182261
1.371903439558764
1.6032857776295588
1.8097562239628848
2.021233652399999
2.3139647547405144
2.565064668899648
2.8097549831176334
3.041704104089935
3.28015033709807
3.506412675976526
3.744746539420364
3.9244368374466574
4.0375066249998515
4.098509142911877
4.141655642335457
4.135353140426944
4.10580123126959
4.081426073398483
4.0320586497505975
3.9452721511682243
3.891913747167534
3.875883712969608
3.867552123389221
3.9180174996418065
4.006938608434375
4.086250452692908
4.19792563985724
4.278840382423608
4.353601130701627
4.426307000091816
4.496852228449776
4.613499997833789
4.723543711394606
4.832469165584512
4.913946446539821
5.071550974099415
5.223227264045846
5.358343525682931
5.493175439335099
5.594905826065865
5.628929384145081
5.673840389080523
5.649655448924988
5.635756239837013
5.595185939027795
5.535841373310412
5.471858310443131
5.3842653569205465
5.393982933083936
5.390566203513001
5.399603090267961
5.457107677591483
5.534074263509448
5.633456182872114
5.735159969505977
5.752184731504057
5.7698786598158645
5.852693802796773
5.877165651005312
5.941823407532098
6.049072701314638
6.129714687787214
6.294737517574101
6.434170263751232
6.600299118951846
6.6932330104848425
6.774851894413629
6.801599503168302
6.850454051179164
6.843793010973767
6.8418331353890425
6.791760885087093
6.7231648524373
6.663686187795186
6.572149834840544
6.5455546375101905
6.531216927339194
6.546355882908691
6.602080733344311
6.6398253824186115
6.726523750506666
6.762333169278859
6.763753719886914
6.806997639636515
6.861924563489649
6.902575056407855
6.961148701945918
7.043623963023775
7.1271381346357465
7.242922255147771
7.410851469155549
7.5128601373923
7.591061423900139
7.658485359237428
7.768629454884582
7.771498366617733
7.741102112747002
7.735672121245357
7.708012266594613
7.706349393029616
7.658113344504541
7.606893397013393
7.534192354237247
7.501766143171738
7.560161540510934
7.587278815413965
7.6433466479918115
7.655854919778419
7.73600444900726
7.7239967597708485
7.753497597719407
7.796884681941291
7.8548276959177965
7.872130246874714
7.935154968044904
8.00187374086976
8.138539815532104
8.270258729520835
8.347591103504213
8.475485501822778
8.553322600980144
8.591799387004277
8.556291038613907
8.555532676118437
8.554144754586124
8.516504914385814
8.528931631525817
8.473090505757435
8.412528388673872
8.361285261658862
8.326945951345557
8.311291851050196
8.32848553793395
8.331822146617881
8.352296153825954
8.35972648801982
8.386390224977767
8.411764406223167
8.46587858154544
8.514158094924735
8.573254400278817
8.654223684093148
8.774090620524795
8.836508769101691
8.96419422801915
9.096197472842569
9.194916198015589
9.238143787200357
9.276136019840427
9.307423413191549
9.261772011377007
9.280884416427986
9.276497828339462
9.256635010082814
9.189278522559777
9.080959706612955
9.034234498885052
9.011214544820783
9.018987642397539
8.999166118537385
9.044861351066395
9.064019549936065
9.108282611834037
9.131010873155512
9.20327998410354
9.232697412241269
9.279314723094073
9.364446049365592
9.415570212410705
9.48558378567393
9.591467886210332
9.701451314956547
9.774372515312102
9.872987304700388
9.938215981755548
9.988672909110383
10.017854584707349
10.02717462235299
9.969339402718658
9.933470007108632
9.816446170342017
9.763619838560695
9.620586933869244
9.540433568726328
9.479583190782357
9.495994203459643
9.4671294392995
9.436608056307401
9.439006363373483
9.473257192530959
9.50625398054896
9.602841208780271
9.665049434918307
9.732013053560749
9.780752129780897
9.882853596997625
9.972285340317217
10.08963688712722
10.14846326835641
10.267542576721127
10.329188411912243
10.375073707717283
10.383783588976565
10.388328090195209
10.373755660008287
10.307146060920932
10.28456540282817
10.187565892184791
10.112974921110492
9.953515376509813
9.905356611247154
9.863418574706431
9.856093621889597
9.869715399417187
9.887011598181173
9.913933049298457
9.96319016261496
10.01669654071364
10.047160717830861
10.119783845833453
10.183017750439154
10.243673333757382
10.372839190228602
10.482408061209872
10.580510856076337
10.657779940413953
10.732134362578845
10.80221498976916
10.8328433315294
10.863933744327285
10.877807319702393
10.858868662531997
10.83593266070861
10.758537341675428
10.713917215362136
10.62219677068831
10.499679543403058
10.406859418548587
10.375926256142328
10.351794554451928
10.321820051450462
10.380930270515996
10.398882180689293
10.427048201446595
10.523861782316326
10.589525121561666
10.611662557847676
10.653066320497615
10.742847637005548
10.7942756060952
10.885166635682292
11.000505774768264
11.086791775481435
11.182410949203625
11.27112337036619
11.283155376324597
11.27985817934522
11.268877893140363
11.215376983862077
11.222126984617569
11.170524780282943
11.107307797726238
11.008974393536867
10.922332271157686
10.8370738402248
10.817549062056898
10.813959868096793
10.831001201976612
10.811515057205186
10.834910552144617
10.889146069879633
10.910437351200098
10.941182842527766
10.998782470474584
11.065065261330668
11.147459969226812
11.23643439373935
11.330285428355827
11.413211183801007
11.496760168823792
11.578108233858162
11.614660801446341
11.65771376737832
11.649258430189654
11.694657067708498
11.68839799568539
11.65399970829578
11.586339555192174
11.498046219036738
11.446231066345081
11.336565264790249
11.279754157934256
11.250345046432084
11.273610672507733
11.270077134989828
11.267014473124446
11.285402699848335
11.31262050233064
11.397923167900458
11.44217242955764
11.487877949081183
11.539856105020794
11.630589447531818
11.71787810832482
11.773110187511833
11.851877234435221
11.934711072053302
12.004477293827362
12.033736318846785
12.112012496592667
12.102003454731996
12.1208239468916
12.087882632512464
12.058002510007697
12.017406496604597
11.940658211897274
11.821445655069711
11.739201362192139
11.709173499855437
11.668486972128454
11.6817214681092
11.680178025732642
11.643189481298512
11.710673689667129
11.792330612342269
11.819438207716667
11.858128074404176
11.938992348642737
12.034176712017663
12.105185698333225
12.175181654250277
12.255649327306367
12.357845555627845
12.43672949756901
12.463349334494938
12.495166024465332
12.529699249378512
12.51405986462274
12.45614093718644
12.460768007647097
12.394272196931608
12.366712001706029
12.269624437779328
12.187975352581738
12.135289742779042
12.085473859517451
12.060866497963747
12.041548856273705
12.004269663832554
12.05703218552711
12.080983772357987
12.13210630893662
12.17253272789264
12.242652405518712
12.302150352849333
12.301415423899487
12.369247376631584
12.434660016905141
12.520743344159017
12.604348329139752
12.642476116659399
12.661669983349984
12.743487077080376
12.703611702200833
12.736562080852826
12.665915511324506
12.628842107914442
12.610728034456898
12.528120342489174
12.46972265064071
12.356107394748541
12.277103577444532
12.236825906371731
12.225526741905549
12.210401663206152
12.152300885393942
12.149443381741515
12.226396671398177
12.232173155442888
12.31271782222772
12.357167870196923
12.43434561501437
12.52085854113481
12.603126528716537
12.707892375610422
12.782368080811459
12.836127020975749
12.889805578545918
13.002358887695063
13.042315070266325
13.017966235876003
13.046489201345933
12.95992338635185
12.902928804569259
12.837948042425014
12.719200235019064
12.632710468733764
12.520983628468436
12.466235814035162
12.37079505998583
12.421248039337666
12.409976082561416
12.393930145911247
12.40780196714816
12.45590749042471
12.509632780550705
12.555055732096957
12.623909632554131
12.692248529579826
12.732896683401304
12.827026455263606
12.934218361797152
13.049673821442596
13.144407005911988
13.24723616644759
13.282789048605059
13.351993378148006
13.325695622100485
13.29016389273837
13.31555344991878
13.280482489622731
13.188913667117951
13.107298431702839
13.00629161450106
12.893213762884265
12.85792699203685
12.826436413909413
12.816386171215973
12.79633889377664
12.77790747361503
12.839093699151926
12.890692843415223
12.934333886693953
12.967544248832146
13.031633570174732
13.08060903127567
13.115612208058904
13.282646929700752
13.382175703933354
13.440379254872251
13.526322983372554
13.591042790706014
13.644947805167192
13.629472974874847
13.669976559392934
13.575469960916804
13.589527740407206
13.536710935554867
13.45490875476709
13.354581291003294
13.24075641554072
13.180044960138735
13.10459917054728
13.0982667282532
13.126688327167203
13.079349182528968
13.061751832962594
13.079603923445305
13.15584362858134
13.18748590149994
13.255975657398551
13.303719203387415
13.362950044364824
13.422674464200623
13.535171086730504
13.567227997316529
13.655120020705393
13.717940859115268
13.794181777938443
13.858302558671225
13.843176881047652
13.887735512306003
13.8972590448056
13.857004480785992
13.809781597660821
13.752628851970766
13.632589489947355
13.538640652183012
13.529623104544923
13.423022621334383
13.440848364106625
13.402112463195381
13.389292902679292
13.416544904210115
13.443673737991215
13.54100253578621
13.565528181808721
13.606117598885369
13.642746804677197
13.694209083739791
13.751146797115593
13.802792952438931
13.837139937555518
13.952204771654344
14.004348405075215
14.066850611055235
14.105316185257212
14.110148002811927
14.141656166653572
14.098811386804034
14.08425744807538
14.011830842580416
13.924539715308352
13.859204005180375
13.735793309909639
13.704251981916547
13.61266072577433
13.601100809604418
13.51362135501417
13.515418120166883
13.591202975844547
13.652243890187293
13.692263647695244
13.734552131080136
13.757286626786804
13.807872121572874
13.846550910897305
13.922588499216403
13.995026148035498
14.084857193749587
14.13872445650352
14.219568431859123
14.248065838920073
14.281981329568385
14.28900674203472
14.300375538510359
14.3071130279949
14.238687006977722
14.17554501595975
14.149603739146121
14.055326430485572
14.001621782563326
13.93367255782298
13.851571305947473
13.852769534212737
13.878676288452864
13.844507867569652
13.894871624474108
13.948369319812969
13.98073805093529
13.98754263458291
14.007923084850136
14.022529970891703
14.040351031719918
14.152244520234627
14.185802440671983
14.279142724362917
14.307461970754696
14.378071093468094
14.447390512405917
14.511678721914082
14.45174081736822
14.460624144988067
14.473825892230927
14.485112590991053
14.435824252916323
14.358752378147758
14.23354732956874
14.189939705642509
14.051173749149388
13.98426582751323
13.996834892588906
13.949348847844915
13.953665801193214
14.001103364602859
14.052092248530709
14.091292083317432
14.120377507158928
14.141605401452198
14.165380589429441
14.262784022161677
14.361592833820977
14.415242688213821
14.494953667692382
14.61777934816756
14.644114937766522
14.667742851090336
14.669789279663693
14.648142380180374
14.608248403760545
14.625719614450265
14.563321271997266
14.476387487254419
14.375880377754578
14.305810244469871
14.228036839116001
14.100332505866092
14.12823149324921
14.112037001078694
14.122881935676533
14.146873155282185
14.149768719725968
14.20610267353901
14.252051676037444
14.264889413958167
14.31040023858989
14.350301489258223
14.42112111249108
14.55194358872441
14.608001098682399
14.705248839314162
14.809614301797257
14.826738662633938
14.876664746250565
14.890951889107383
14.83847976929479
14.834104873970665
14.832493412561236
14.764616221677821
14.692037111123947
14.51342883272515
14.452041768614825
14.310729344509781
14.329465971034198
14.310796187464089
14.311921727236882
14.282387951406708
14.305693905525633
14.333348049282929
14.379579081880447
14.411011958172569
14.418304252878425
14.452508205603628
14.498879253407553
14.576325104277425
14.67404866242162
14.766315481966682
14.872565337235164
14.947369709801217
14.993537064231486
15.02363504222999
14.994146243915278
14.984911748447244
14.914360622078478
14.908231283910803
14.77080932362411
14.702925817235334
14.528413527230773
14.4749902006146
14.350380172648714
14.320911079726473
14.328778368792987
14.292640706985628
14.335562615254311
14.361809627504138
14.417229841202655
14.44565099855182
14.492335620550316
14.4993388478711
14.561678812178174
14.642563610523682
14.765865177167674
14.817651548501384
14.897197453407733
15.021938577913515
15.087368719320017
15.127381230344415
15.104505885897648
15.135330732442153
15.125169827817777
15.12899618612956
15.093004719829368
14.993632123670716
14.845529229064962
14.70401406428912
14.622452856438981
14.496435813557321
14.48414298105223
14.450020736589574
14.433267992934528
14.469314698527363
14.52130181443825
14.520343521763218
14.605798813265688
14.646474139443615
14.670960369577886
14.72139508815804
14.774614789222333
14.902782934695187
14.96721924572531
15.058929412199019
15.139690913552924
15.253834561112011
15.340343339943454
15.37690358553027
15.366051101842729
15.333287505490501
15.298609729897832
15.238441630620091
15.107597098526323
14.930299873275493
14.835357128947454
14.77907507974048
14.656212208201538
14.637380935425572
14.587199267906838
14.60166486444141
14.607558976355035
14.648899886718304
14.709247125366982
14.739723919474756
14.761739831834975
14.821722291867358
14.864718096491464
14.930680023116697
15.064679938889302
15.137479615055266
15.264185493819607
15.358687685735244
15.428293188920328
15.479808393458363
15.470774572093038
15.425684641170367
15.402542739473835
15.369530459610953
15.340743976588278
15.206304302698639
14.99509379645348
14.90837154090394
14.816659538961707
14.740485292177963
14.746932475061895
14.688729546422397
14.746681639871202
14.749635365878397
14.789534712834055
14.837801677875763
14.863819299600603
14.885338457204803
14.925729592821735
14.982640124653546
15.07590862280791
15.185791141579317
15.253159525211515
15.38825085214698
15.477248984176642
15.527948978711716
15.522301005804064
15.576640318341017
15.54204052552928
15.531540682820323
15.49621111042506
15.415366830844741
15.312994313639127
15.086676361083246
14.995366585493398
14.881453726460245
14.870292502065528
14.799943081436913
14.842794525189813
14.86027209724045
14.88918870943406
14.962530121297293
15.004299666406324
15.0423214944972
15.08780898788363
15.146367162135695
15.160387136202312
15.264766325590282
15.40954158338187
15.512943224744689
15.554671004927343
15.675394387473645
15.730955192060113
15.707522982367047
15.738949410150946
15.725731007755181
15.675109894409305
15.599165028773777
15.503545382436677
15.376661613031544
15.261301555485117
15.176811248184057
15.045267076116243
15.029826689307761
15.003770866466253
15.005908813791494
15.00547103439335
15.037012944448364
15.111781006400946
15.141335212760156
15.170603738066646
15.225396760611076
15.26182072808056
15.343548161778589
15.444704641329528
15.512891767264469
15.625967779601915
15.733880833115126
15.807320583039589
15.862733378825707
15.830289035194486
15.823124786105579
15.818452446203837
15.790844488801202
15.708691657857587
15.58500623869666
15.416912715120207
15.309388640047052
15.168650942680575
15.119426157966807
15.098743242409437
15.084564627489673
15.11215886078475
15.121979330328267
15.137392364435343
15.225478734094326
15.242674482326903
15.274518394732254
15.321802281603684
15.360262065566229
15.454176667263535
15.588920187338159
15.64578080350244
15.718135437393423
15.811731071683429
15.885469973768291
15.90496318472904
15.943901509992974
15.917337933132053
15.909827800776746
15.855072637443252
15.774638888680698
15.653789641127888
15.471557940033703
15.368052614773923
15.272271066113843
15.223941959010764
15.181725502826586
15.200840521964519
15.216424845893568
15.229973534414517
15.320360494138454
15.351156133927216
15.40367892354417
15.443600637748816
15.490445892715966
15.518402815890894
15.661510382817884
15.724636858744812
15.84945033313709
15.888408545321385
15.952502162139444
16.030281822907526
16.0091731469043
16.03989256869874
15.981072889443048
15.953403691430267
15.929429657517193
15.819526992843954
15.760007200256263
15.586642077036439
15.511341363411045
15.338617728659836
15.33481162642151
15.304732234865961
15.263945815437467
15.313309562947524
15.342546408382372
15.401418613222694
15.442550552882494
15.463345179661545
15.549353398723865
15.580791337280475
15.657548687480974
15.785269530941697
15.846293268758101
15.956838675814563
16.09765737982188
16.144113919021454
16.197064366276834
16.16155871472191
16.12531636339423
16.139733028578505
16.105057813724866
16.040151184016132
15.95269778142076
15.827386817473878
15.624638640305237
15.495425499628652
15.487944736567586
15.45424057354818
15.432609023966133
15.439570647087436
15.461490989204842
15.534846674110332
15.58114247693416
15.615811470752185
15.658541954003361
15.699831104867028
15.722948002415066
15.879021630418904
15.929343023188373
16.03407601036154
16.15176055557609
16.18924800252898
16.22429618175368
16.238360617561092
16.24972973422873
16.257800518367215
16.263903734481477
16.230808702383914
16.181415061106044
16.05465477487688
15.870839916743662
15.785267478594355
15.676930941837744
15.635389254395575
15.595745460685212
15.589949478098337
15.627314615103277
15.67467382691307
15.747634615074348
15.77045795153031
15.784993719296642
15.817572295821131
15.852852615644073
15.909281751378032
16.068752109809786
16.08136881546475
16.149876266587576
16.251263389914428
16.32324373391962
16.34684472130838
16.29519914091261
16.35727131116842
16.365886773401538
16.308971355763674
16.25627185321407
16.18061907469431
16.075295291939018
15.931601515793089
15.849791038453096
15.732320675280892
15.706138667429526
15.65229048288659
15.661424251339342
15.692621138404983
15.741024485357869
15.810707056487567
15.85984536570688
15.889368994176056
15.899615868810573
15.918427791911942
16.096364304934983
16.091896602962148
16.172217026647264
16.215224783997243
16.28642609645714
16.36059003213216
16.394097272200604
16.419408118950926
16.388483890278586
16.376130201925786
16.376325810163518
16.311740520228874
16.243339653408047
16.111899717906056
15.937593064584346
15.780524890968952
15.772387247306188
15.711548876716193
15.70074690550348
15.679723835771307
15.741156953788574
15.799563182525581
15.84307695817791
15.875787524502162
15.918945656625247
15.94594404152576
15.933973117734743
16.144720999801798
16.16990789608154
16.267732504793326
16.368154554149335
16.416611547751497
16.469851667401766
16.456442411281838
16.5219965849763
16.502845080943427
16.499603214601596
16.471632463553235
16.403901094820725
16.336445627528303
16.167761215275263
16.105903775837103
15.910502245554571
15.921167710807437
15.873965274003037
15.865611667748453
15.884346367924197
15.947825750515877
15.984940587309321
16.0188937905902
16.020836129451023
16.04181688413528
16.044204021623234
16.10679849627101
16.24353416764297
16.27654759416083
16.3201487774542
16.42848274573562
16.450393006068285
16.523784464200514
16.52102070544222
16.522764189480554
16.5489727700224
16.51031162085804
16.457023718322077
16.401346141877255
16.33888982973112
16.191942909304103
16.112671807446574
15.937611114015487
15.916646337874989
15.895279735946767
15.870752940158818
15.851914357513555
15.90622080934357
15.975466831675472
16.011711927246903
16.01920020636939
16.077386682126548
16.09238920410861
16.328107107620824
16.32720703429355
16.376973446287987
16.41463840442758
16.52529977505939
16.577048719879283
16.62698085428969
16.657664912504508
16.641372040235265
16.668554026610735
16.62193009085164
16.58887977190208
16.51534312115632
16.444237939851156
16.290356244740746
16.08507227271222
16.048422292054834
16.008435777912222
16.001510729959072
15.943322255996005
15.973325854224212
16.054513540697865
16.09281941185787
16.133770188797854
16.14050747793634
16.18340875502308
16.21213663299989
16.40412981802092
16.447109376948127
16.513400314027265
16.673584121778518
16.732029116409972
16.809314024408554
16.836604358458246
16.802541324925944
16.785103062098074
16.81576163706919
16.74077456992444
16.679340479228657
16.565052477714403
16.473962314812173
16.320118971776466
16.079479730125342
16.08418087058164
16.074318765839244
16.079441121520745
16.11947236942888
16.200956627593115
16.222916963918024
16.261787713410797
16.27863099691932
16.283604181396488
16.27169359965746
16.32179045248564
16.545119517611433
16.63778928310057
16.71155344525037
16.801477430158798
16.825657141946593
16.871462624248714
16.87567189779862
16.911038137362578
16.86125602893883
16.84986857651138
16.77883042849849
16.6757394821333
16.615574628477617
16.449379840413446
16.38786798827628
16.191467439458403
16.185589407846102
16.132097269199868
16.092761526395815
16.129530785742194
16.23633552215787
16.242631005605933
16.26046493096552
16.262854955243707
16.291896454157182
16.333075058031397
16.3608299097738
16.512310445406992
16.659850096689954
16.71332638982715
16.820855995729755
16.887107137280044
16.911218303471678
16.88962387914639
16.853865387543177
16.890132601044467
16.851365909379606
16.769248942394796
16.67053580955292
16.53982958956133
16.482893050748327
16.238987054146353
16.182431402630666
16.20027711410019
16.15632956852679
16.126320029540317
16.197850963121503
16.197079602455453
16.265095411590355
16.28564634560119
16.30053833742483
16.33073069437038
16.376334023866793
16.589651153697346
16.638370481163697
16.737371826457625
16.81793046335097
16.87769648793273
16.90980745882554
16.94674890890303
16.965137403915158
16.893897840017974
16.88877605455429
16.869256545674528
16.814791354637183
16.716695655905095
16.62861775332003
16.5625195151774
16.34401596392356
16.27658223749191
16.236975130177672
16.212182370319304
16.262320541186906
16.295310843292913
16.358834040850564
16.37678967835049
16.39136869695496
16.402973260588407
16.445602543679122
16.48567632115233
16.694054169677244
16.7500739129702
16.855068234349613
16.94616013568917
16.993300676513815
17.02842843001262
17.05431917785214
17.08303566413146
17.069526123571766
17.01168374151897
16.978470594750274
16.858066213020706
16.81429844460489
16.651182739438816
16.541892263317266
16.30652144232709
16.287278379325056
16.24721151119162
16.25233183820349
16.254839627319708
16.303004546575973
16.356603519652808
16.378093183471286
16.390074253599206
16.419164494216506
16.445154336666793
16.49328283325584
16.686489061456115
16.773540687833993
16.82499215219103
16.97898646270298
16.99747572987913
17.03181906993071
17.00990737858112
17.0094716776546
17.04310366276565
17.029840105251782
16.977567690940834
