0.0
0.5332980417856278
0.8842191420112315
1.1873726798840742
1.512189979046969
1.7855113099007165
1.935857626823745
1.8482811192422046
1.7142491292067394
1.6277484623142962
1.6552404529915377
1.7194066275524311
1.8530768201102765
2.052604177300525
2.26069810090927
2.441253405719566
2.531298334581523
2.4773094858771776
2.3654513923092524
2.281591657636492
2.370732444426084
2.39761008475857
2.4703144640714183
2.6002090368100834
2.777721317206957
2.880572872716446
2.9715280273085076
2.8967776513262633
2.82188840949087
2.7744493310304565
2.819270213871922
2.854057288446449
2.9282266464642843
3.043611655163268
3.1322787991217127
3.2545428242272867
3.300874962009449
3.2272879652357673
3.1284868963550054
3.1734469863240755
3.2154443527691536
3.337990692751855
3.3737556028999114
3.3954637102385674
3.445958369168019
3.5596014396540547
3.5545203483472125
3.5004587458313914
3.4854294732458793
3.5442328317695533
3.6436743815743555
3.7547539166536787
3.7236759451472805
3.7234202985337923
3.7221337147676676
3.809535036473237
3.8621880723461492
3.864463777699039
3.8545527890529563
3.9171805511774247
3.9904379300562645
4.053135720240724
4.103143108098125
4.07792544936203
4.074399221323394
4.094466492183458
4.140937502602865
4.191880973592061
4.193141253453218
4.257607389967345
4.256389252191861
4.322335323151621
4.376473125550655
4.351459542878676
4.277129729539088
4.264344996212003
4.2918911795082675
4.374226219201376
4.417418805756519
4.467633048708338
4.457785432439624
4.457451031670961
4.521693356329621
4.563133284795628
4.551523992478657
4.4628396339936005
4.495715492658255
4.587080525616658
4.678769099861728
4.67169413872974
4.646099386574404
4.632586346183302
4.701550981263405
4.773844289504643
4.728993867984543
4.702243307082552
4.721481766133368
4.780120549841941
4.892567355349716
4.899760127931034
4.846000887475212
4.869324447284115
4.83723569646813
4.951434632296261
5.003595376604264
4.999990883124161
4.980639209752833
5.01546050328743
5.106082763019023
5.159820963396027
5.130049060433859
5.054171538369927
5.010132982754985
5.10576997767124
5.159233917153219
5.250181892678187
5.295181084019374
5.306000235659385
5.428854101555567
5.5021027972134275
5.414601259392887
5.345373201527211
5.348489603708612
5.316114375615374
5.445314187320489
5.523127155030189
5.516779135965647
5.547364977934629
5.6691796051789884
5.742392662346988
5.697204207276269
5.5605015533615125
5.522186377091252
5.5391990092580405
5.6203182178576085
5.706402702397715
5.705201054637099
5.7003214381846865
5.719224998449216
5.806345438687791
5.751596873335566
5.734933517673176
5.727355876367665
5.701551198270668
5.778457670085733
5.811820452847087
5.8853066434013215
5.8237207171506995
5.862643903562769
5.92169533785707
5.90284871822079
5.851364452631967
5.884731370417581
5.860438329721299
5.873170315192238
5.956056323642621
6.028392297109641
5.991123445144799
5.9792220642624585
6.005936449201705
6.047680928556892
6.061219365122528
6.04800695821314
6.053835904548156
6.044467488569819
6.1258705999948075
6.179912620927836
6.1736466365827845
6.189176656940025
6.246254576747473
6.28385217539726
6.262198492642224
6.2423697488296455
6.196946334279314
6.193169775133476
6.265015042918509
6.2749841235407455
6.320441030705153
6.302030684723714
6.338692261210255
6.400235900506714
6.409552425603673
6.424331350744803
6.414878123239578
6.371599356917143
6.385511875234721
6.457981409268186
6.485104396817365
6.473976088545303
6.494798229865606
6.515516118196831
6.577548589026077
6.542137468234465
6.4912359079338335
6.517653280548272
6.500280444949641
6.5634411183641586
6.585109130981113
6.531063934109941
6.564697575452482
6.612449510028957
6.640062578867649
6.649306213858767
6.5470504317282705
6.563323034254007
6.5222635373094375
6.607813374169355
6.623027262565719
6.56180213592359
6.616771413229262
6.688865563680415
6.76573097422897
6.797056076681293
6.628002489201841
6.653103634351894
6.63971722973446
6.679374726061821
6.7067898438173055
6.700204082533222
6.78258886955695
6.874831864806489
6.951916335936061
6.99030545139029
6.868092738059206
6.852774684794094
6.796477039749315
6.8097391403346235
6.896456870118012
6.874900887068628
6.9312938496950585
6.980739388444463
7.023555744815254
7.112607666611106
7.049458636655367
6.971136306534587
6.902965168528652
6.883641231289947
6.992621054087549
6.9915294453256305
7.0515172372521695
7.083466324997388
7.106362491213872
7.223569775930946
7.191512817315233
7.120901914699973
6.985411774483025
6.958273994414558
7.053317190174965
7.087421874635512
7.116049651816785
7.177244038013957
7.238153532710319
7.274770329264524
7.3056599222246295
7.163239460557718
7.073195983050078
7.034421745485328
7.11657524385276
7.180130120810634
7.213883230336133
7.249477217297661
7.305724228937194
7.39548162555378
7.376308655108122
7.285914388715602
7.153417802239117
7.193702564052053
7.232694436020808
7.285952045588495
7.315472533839646
7.3747079034391065
7.373009550256867
7.470799393400566
7.441894107974295
7.361455282330069
7.282679875937756
7.317004927934744
7.3183843776378525
7.339949443183521
7.377640061923158
7.421928008926981
7.456324370125029
7.51976985472642
7.542916080073574
7.55093017914666
7.472496818734424
7.430415214958353
7.441082085038034
7.487653402248838
7.497678779852186
7.558987444948873
7.561611646700614
7.596270583933354
7.593734929035323
7.58815523456226
7.571883565590327
7.504840973934778
7.537125585010925
7.550950183575462
7.542706047246574
7.607188990269301
7.616245517638987
7.651280227436077
7.673314969359151
7.690051600222518
7.709216691865486
7.63808102001963
7.650914076209013
7.633843834631678
7.594154946442797
7.638468390199644
7.684958296620276
7.759534840016845
7.709839113071714
7.727130659071114
7.7652012748154275
7.724327898738096
7.754898422486794
7.724090302911562
7.642424109378014
7.7230453332558815
7.777077412844286
7.802873209078429
7.842764549801803
7.836668763234655
7.846637919771528
7.870790501372357
7.869307490937522
7.797815692041653
7.727899813889896
7.829461975374416
7.829525003463124
7.8440927941111385
7.857948058642954
7.872205398343487
7.88097802437884
7.910754907293709
7.908727170779898
7.825770522372563
7.783019493389787
7.847556394432252
7.890252170197321
7.89439452311488
7.894749624131199
7.917620943198048
7.956257338713815
7.97617290789626
7.947827304273385
7.922104131426269
7.889624875022566
7.926121307149086
7.9368736845572805
7.947250007125912
7.967821598373485
7.991416214041949
8.00220492432695
8.036933573422818
7.979687539122561
7.949455036913011
7.9024136306836015
7.876845206998679
7.932883673278801
8.041843092934482
8.0138842310498
8.010146813466406
8.052592388080612
8.099387081095369
8.064581484526373
8.024558352296609
7.957420970693775
7.958700825796668
8.04682125655952
8.079616560779213
8.082727677234635
8.050249512223013
8.118121040377446
8.145023469919774
8.136413160614493
8.133586713104345
8.095004312206516
8.08996594123194
8.146608111198521
8.185238920589013
8.13333123847305
8.115930914472845
8.122586118202351
8.179788438816347
8.202822738938185
8.116038896647078
8.114190616576598
8.11742108871307
8.167601975661093
8.193189609279013
8.117288680345787
8.131968031723048
8.149311856462491
8.242892890649982
8.188965961094167
8.131023425413604
8.152072208898533
8.157314516702488
8.17713956589384
8.151163368903463
8.16834466398121
8.203049961669755
8.209245467655148
8.299340684290833
8.230201410106543
8.16364401673273
8.245124654413088
8.214209139613503
8.212753938191351
8.249745214461225
8.223408135198532
8.28169784179505
8.32695207161193
8.336276132890053
8.299388079017337
8.337817884791773
8.327996959169539
8.327919714535403
8.273272687491739
8.359591131036959
8.323015148532766
8.379051984066605
8.377225759109997
8.395202001902272
8.382345427609284
8.412841932268764
8.457384015335014
8.349182317348912
8.33591934186591
8.379633096913459
8.353198648649096
8.387339088925826
8.359064776033462
8.39774145521563
8.475265686851568
8.526880992856642
8.491017292616625
8.404230134738295
8.380839108112639
8.45104230357839
8.38916316475427
8.338657730760861
8.367306444428381
8.473061704880717
8.486657139756286
8.591298701508165
8.569163601004206
8.475630818524182
8.444555648065418
8.483050150710513
8.440964749742912
8.422649952534263
8.518305632345921
8.569451100145573
8.592021815228167
8.651662357231226
8.643518886556345
8.506084754598215
8.479655963876315
8.506951819657257
8.459187057250166
8.452258509178582
8.586467281894228
8.603358924125464
8.64795300063946
8.686196072956255
8.668310209533198
8.636404411546756
8.565559675219314
8.527152102908229
8.504657796520188
8.501341649502589
8.626781835839152
8.671327745724899
8.722843559524774
8.667718496065897
8.70877191227981
8.602768634865939
8.501115022244836
8.566980291025084
8.53130594140874
8.530163447868798
8.670644646096761
8.699508183263791
8.761309245217044
8.72928606362407
8.763272536593943
8.642596702242463
8.565131227763152
8.645943361285566
8.622353934742865
8.67410979149698
8.689781167099103
8.766730503026226
8.732083027285418
8.755387621034544
8.788728013805349
8.720007360055321
8.683388443169592
8.713013933320163
8.715360057697524
8.764380163347488
8.78810134362984
8.832197180034106
8.858403445967385
8.81044912667052
8.86363019660874
8.817152706840226
8.818796955622872
8.866237097471267
8.815098974234639
8.824577914325594
8.883429859686176
8.8805833182284
8.853367436516512
8.924825748586649
8.94426381964499
8.941989991672594
8.965474961826352
8.958481130279663
8.892203824416812
8.923001702681079
8.979877695449156
8.851990033151706
8.961197047346026
8.921384935994961
8.936296437525233
8.981494794675212
9.005365313835688
9.038940487856653
8.976718411000409
8.98929342465089
9.024562974166093
8.920097278587782
8.945980375430453
8.931255980794733
8.97161939972731
9.053164538154881
9.057938050861775
9.06979960133106
9.032742312074921
9.090234027613525
9.079535312346772
9.005896364506192
8.969841488432916
8.971480570060569
9.039734339881548
9.145974775857761
9.14658616452064
9.110215905528015
9.055201250451754
9.102509406413802
9.061733069005491
9.01882992864127
9.04284454169427
9.060374974517847
9.15887820369885
9.226128385506025
9.219435172902342
9.2190001933449
9.143350587910163
9.196153011903082
9.178171318101336
9.114025747200563
9.163360152492764
9.163683020027085
9.244572511365261
9.303639494872893
9.293419270216722
9.269692301199202
9.206076444580818
9.217613193655188
9.230925357308296
9.230817956302655
9.238309127888181
9.284886296230349
9.31105209839466
9.382922660592165
9.25509096229352
9.214549989620572
9.245835164691659
9.225627505984043
9.224503863149128
9.252986672612668
9.257158621283702
9.31740656742147
9.349524548475552
9.37009567350402
9.27111448042313
9.216393224123182
9.244659577818537
9.25772865506013
9.239096186326073
9.293866021384702
9.301264071687498
9.35325110187209
9.402607915771442
9.354166953106459
9.309543305589903
9.371169932997187
9.405841220372155
9.402114504643624
9.39559895157592
9.393964701808937
9.407081614855366
9.427996734109094
9.35931829887773
9.386871113646905
9.412491057125537
9.420918327061269
9.465769473327287
9.411914872049662
9.36955880714291
9.370555758302288
9.396826588123941
9.426036584025848
9.375044535247538
9.475503302624364
9.423155559526371
9.435002431043888
9.443904530382238
9.397715411923674
9.441957841954046
9.39216735498808
9.413437279086763
9.426826792970507
9.373631149416846
9.489992951989718
9.477649121556304
9.488219561549865
9.460244091304057
9.435932387522449
9.42396563926714
9.395341900595668
9.459474576269285
9.460432008621057
9.493306222388373
9.553396951177852
9.538032089892058
9.516011640960462
9.50458117651547
9.477304305768238
9.48133004115596
9.461970260134484
9.513355802323504
9.471642079422802
9.574766364136398
9.602056053197463
9.565018638403975
9.577890298822739
9.569401370953686
9.536424613659333
9.512795128676258
9.514838663957324
9.476587988292511
9.540335330053333
9.579132378602402
9.588416599306434
9.570922467578978
9.566389280381
9.56927566604908
9.534108110993273
9.480833077297353
9.456578363255943
9.55039175979004
9.594831849639013
9.624655922801937
9.69809842246724
9.633347636459623
9.633355662360803
9.626600604467635
9.546251059746613
9.49756420282291
9.546497496634453
9.590204160300656
9.655956068650092
9.702497490839438
9.729213805171272
9.67021439758883
9.683717903480328
9.658803812241086
9.538045085661606
9.597249100120466
9.625616638685644
9.626216663421783
9.70856070472861
9.711763294404811
9.762578161262516
9.70510503675701
9.740792313353369
9.722216744682491
9.638035856101904
9.68287885820475
9.720877405519648
9.674889682744839
9.778884529133968
9.816861784991348
9.839374593062576
9.805864034082035
9.834346923432676
9.794348772205176
9.740668956929866
9.738828675894965
9.759532542604688
9.76828883820912
9.811796347339463
9.801073274284615
9.80947694198897
9.776129429974434
9.809610221128093
9.804727747013928
9.774927244081237
9.801223442569071
9.812952704541967
9.761304481391532
9.802219278676624
9.783983553036661
