0.0
0.5284826966788938
0.8388975494742151
1.074882376896315
1.1666431633752847
1.0771816061261001
1.0669531980513776
1.0834018146819222
1.1246889921571475
1.2708848066756022
1.3983045169050097
1.5504524294710742
1.602885950983914
1.5579592490280918
1.4877786815195988
1.5259736325952438
1.3992369884424172
1.5970257905280403
1.792787509185346
1.902887044632313
1.8101622123191796
1.7576279499338834
1.7675249827030322
1.6702753339399412
1.6897339881804752
1.8677766430869391
1.9875580172371283
1.9851497631677062
1.9248375849062485
1.900756989917473
1.871937291540002
1.8242881154240447
1.8648797658464034
1.9052728302607949
2.0348863245407283
2.032145367690495
2.057279582487441
2.1073712711560613
2.1141254654853623
2.0380787063798884
2.0296676524898323
2.099902784441482
2.187717783211437
2.205247194483782
2.2025276450485154
2.246513161381946
2.2567160724018067
2.1634184434748516
2.174961699104748
2.2838319154679234
2.359843940102347
2.3523277727820626
2.435398297256194
2.3318286871472633
2.374598640845297
2.330508545856048
2.237147161717299
2.3961336305240746
2.431695098844713
2.5032090250256926
2.503259801207992
2.3388090815117333
2.4753084343673972
2.4123284066485935
2.389003953488662
2.47820072346592
2.537459685814463
2.5883589032336376
2.6149349056297027
2.543241163994173
2.659570793316692
2.4460752744540017
2.4526159558280507
2.523433502438595
2.6255983652852044
2.636287472999786
2.6446471153909674
2.577066542486948
2.753751359394911
2.537027130000593
2.5215816103487216
2.541045416213559
2.6244240239284555
2.630835840501932
2.658542144063819
2.6448594362993956
2.801744118854744
2.5815641176501245
2.6364318058945924
2.6737893020146517
2.7037165285549514
2.757107088819312
2.718139462529022
2.6800816505382454
2.801748913733839
2.6351640583142966
2.703453178338536
2.724378524938939
2.7670733930320814
2.8634958364323566
2.7825533231047843
2.870853445473342
2.8921284798223468
2.671197063387175
2.736330928922512
2.7753650089673667
2.8626135388221736
2.909520666761295
2.841056083818233
2.937374742662337
2.9525809637728666
2.755445073110648
2.7718357142894487
2.790724982736903
2.8578999340161757
2.880467195811195
2.7697541520160627
2.939745749530352
2.9322406969454877
2.791105247379534
2.8093704461754623
2.924175740568966
2.984185517696068
2.9182898568801714
3.0139402843320364
3.0812978139955725
2.9736057090996706
2.9334323348786002
2.9376782679859823
2.9782824081724812
3.03474938941442
3.071179046959717
3.000973789073729
3.1479849755763083
3.103610124691894
2.9402242939831957
2.9630597342910097
3.0378630825453
3.086142223851887
3.1016593905797163
3.0883906841551547
3.1617238406250285
3.1088132867441645
3.0074798727108654
2.945321833219044
3.085520109099244
3.0571439567408873
3.147528943245422
3.1329453459742633
3.2542755367525356
3.128143676846093
3.0040362723992273
3.080306314702326
3.166014849870583
3.1333075475637986
3.1675107940862306
3.250726891760956
3.322983718142306
3.102072047539012
3.1751066073823853
3.159420797144487
3.315193470539425
3.2177999756385525
3.307269670237461
3.3525976299267537
3.380225974189009
3.250339810724845
3.2038858126515035
3.245505160268532
3.3955440456738937
3.2899813720423996
3.339283787106023
3.4965869774259457
3.4563592274437838
3.1970259325826618
3.338477799191152
3.277124693868579
3.5039036178873117
3.3102267658264792
3.413645332493943
3.4675728148298925
3.430615859166077
3.2460789933529783
3.2826655157265154
3.479076868379469
3.5382389500791964
3.4855380148788413
3.4898512593328497
3.613368195619294
3.547004237414413
3.358216445327255
3.333182488993254
3.609305977717934
3.593642197311276
3.5381643194785664
3.4931640354190394
3.6186300180121127
3.351325657673457
3.467646471629879
3.432953233697682
3.4972877413257386
3.5118743561700243
3.5539942645537455
3.528171465583451
3.5426062691358298
3.6551101077486003
3.6121993758589688
3.6405385152254026
3.692114174167859
3.6778337597476507
3.6510880488765904
3.716521518088005
3.7520791187603133
3.4917185022045922
3.6524181617646705
3.571138623596532
3.76265487957891
3.6313723883207523
3.6424712987941454
3.713664591838726
3.67490085565438
3.456930453586224
3.5676586949688107
3.487033030358434
3.6778862661902543
3.6180947312570075
3.6595878938599005
3.710809523062618
3.4852070427675397
3.5745715095829684
3.5095149607039677
3.545038049680559
3.6767622840577605
3.61891186085564
3.735215049916133
3.6614237380721595
3.578995193204395
3.665664789797877
3.7123672399684318
3.8307903132747763
3.8018557794191032
3.678256441455223
3.7870066810129988
3.7395728917584785
3.7230860015384004
3.781605143510014
3.779283357602852
3.909183971807357
3.8905518480132244
3.817484274492914
3.7957340655851586
3.916887188756963
3.8482460973667085
3.9404084841736386
3.8879677460128854
4.046827769996978
4.020319986285009
3.917890234761631
3.940050432341246
3.955764962175004
3.9722413713015237
3.9587093775152886
3.9434785449847296
4.038177825854448
4.0110286476528785
3.9042126222058617
3.9942302530828058
4.012195774986017
4.048971595149988
3.9972902114013498
3.9510452637898816
4.082884902755879
4.030081085839097
3.9424265910692786
4.038040570261317
4.059707705900783
4.076515500383302
4.025508816121123
3.9268321995506117
4.097060068678459
4.069970609849003
4.033149697538161
4.127774661621914
4.1539334101562035
4.1415503150537605
4.05409533768271
4.005784599181443
4.166598764215904
4.019650583315079
4.003938094816235
4.107371072328907
4.100068420802036
4.0242570694051905
3.8946113765641264
3.927502759515103
3.994932776798333
4.003633842925606
4.013995932905644
4.088751278835715
4.096602559071338
4.052192050028978
3.9534934139198707
4.00340257901825
4.075153875374535
4.058866684085331
4.070489650040311
4.1123063738547785
4.106925481617428
4.0287602735087065
3.8185721975248827
4.056534663869365
4.126711640600969
4.080786593565865
4.1075356747438105
4.150005268519372
4.095169281680681
4.040909917529997
3.907656118159429
4.094342281124899
4.1190146941994366
4.079096751817071
4.110626315585725
4.171289671580389
4.099352562897987
3.997185338903265
3.9585076288107657
4.070026960801461
4.121164619260696
4.089913852112002
4.15577654156882
4.188369056846772
4.118385878849371
4.078567009080986
3.8905040908983852
4.068559962006265
4.118617875560185
4.068900156681943
4.144851479380396
4.176093593370558
4.1222329586427255
4.045546712114536
4.211052682981203
4.315193991830653
4.280921645352732
4.24765299180697
4.279834037414204
4.3441860231015115
4.309050454025518
4.328252785478179
4.215741432860449
4.332436047339068
4.261635753030073
4.260878610705842
4.331250780613831
4.302139835846869
4.353058267420213
4.2500737902599965
4.237387192763827
4.2871833353677244
4.2553441532463046
4.2574616422848734
4.344773750563359
4.355548347978288
4.282975149500742
4.295951065681511
4.281079602891607
4.339434652286167
4.278229552113361
4.333872771825453
4.353532162999082
4.371055725021904
4.353714552744541
4.320584929101248
4.346963025839692
4.376326904757641
4.282084082792274
4.343119763868132
4.365476612969434
4.374095199087184
4.369548823462856
4.272912019891043
4.399216435281726
4.431279657538998
4.332041875072628
4.31136211886717
4.392164194683477
4.344286216093588
4.310036843690465
4.264611913351056
4.376655161038651
4.354266318476278
4.296860822042353
4.328677556394692
4.388773454722907
4.372166800924109
4.3361814534584715
4.224256270539006
4.394027133515809
4.380282595388469
4.2618704523673445
4.326638292926461
4.382041434242789
4.373141104637341
4.30908824828279
4.270057916994441
4.425666853634541
4.3723914778999475
4.322816145710779
4.412193032733807
4.472709047251055
4.434101007272944
4.40559325562375
4.358512717214898
4.489561287835993
4.392199583429142
4.283584759254988
4.401988717617954
4.440936060801576
4.431649389887814
4.427196394348925
4.395169471696629
4.498444228430852
4.345096187348642
4.331112829262986
4.4441955365574515
4.462196402421038
4.4625936991189405
4.432178296984798
4.421984790222249
4.5368520541986275
4.374769441479057
4.371226261337609
4.482981888822936
4.477662597886003
4.480251363657751
4.451773805644571
4.454335052315573
4.521294956801164
4.378010902687554
4.427713885053797
4.5046675326067955
4.5266901372032775
4.517266130395466
4.50418480674628
4.508692116232173
4.559706888948844
4.430140211852118
4.471629031675935
4.53096468835253
4.5355397383524
4.533541385997152
4.39462642074772
4.547152912660661
4.585851509841146
4.40211236068487
4.424917813938625
4.484052948970591
4.491462793004405
4.5049130574996985
4.400870961678308
4.5774062050343
4.5486783018593595
4.412808047249802
4.465310824894669
4.534314881553274
4.519396689406522
4.5055662039739
4.335633006599
4.579216294575864
4.5326990221996475
4.395914303471162
4.462171952657553
4.522047699602613
4.537763263274593
4.511033648332279
4.413806955678806
4.6051677154158925
4.508755978667655
4.408743042541395
4.481347360980671
4.537810112543706
4.5538131447820955
4.514204286896464
4.492627511466008
4.622368044554443
4.510136000617557
4.227443737521954
4.324880909499757
4.369670786011851
4.578426743561178
4.558147873291599
4.517778600089357
4.650113659705923
4.461868205675757
4.284196526359719
4.345862289703687
4.368838348463848
4.588342253388137
4.569364424183656
4.5458847751542715
4.651816682718713
4.435508256759138
4.249376148355593
4.317443935447874
4.332248426832773
4.567861250142319
4.543089201048924
4.517400789453502
4.603678266495461
4.429051886133494
4.474013611996417
4.55841738884863
4.5877664614564555
4.63254972795231
4.574138662557779
4.560935115972767
4.61706854293787
4.435965634941071
4.460917976295416
4.532155393497094
4.566939903312345
4.607090358563902
4.4309488328350035
4.62634825613302
4.681359293804435
4.4806824128250575
4.518945902786465
4.582005190233826
4.597265321238198
4.623759165449491
4.548751042028262
4.645604951335053
4.656147393065508
4.471664791302749
4.536244495124773
4.604276208447343
4.636622710552561
4.645106919613028
4.486146518082241
4.7084565487321735
4.655891870208158
4.3174263870511975
4.4186186184119975
4.480716929464975
4.700165213973799
4.717321743778866
4.632151763099853
4.761570986701626
4.658719617291252
4.349533945153778
4.4191356842227
4.463586280195936
4.675530135409543
4.678439075038644
4.645980455651243
4.75113841857326
4.584311160248763
4.345786421837526
4.426260338994583
4.469701108909774
4.685623777897305
4.691155292295145
4.662873751331398
4.74666787931649
4.575076762001495
4.367034236868813
4.46572124980396
4.499008422420626
4.719461102168484
4.723519234097393
4.643651265192167
4.751094266169857
4.564582806604549
4.388279009816286
4.468712040236916
4.491965569245245
4.7053285988538445
4.713443802878453
4.631709983421753
4.731130773308178
4.568869675344689
4.356238480695824
4.46469889363686
4.496423076335397
4.721779591385779
4.712469086088802
4.630837229091253
4.712109669951511
4.58404396768409
4.606844356778671
4.698413819991455
4.724190307011041
4.721268856484345
4.572195420372982
4.6944217338327165
4.785401253693273
4.584504565148108
4.620905611074719
4.697110235941018
4.727158251503403
4.734569598940681
4.575210544224119
4.680719286835164
4.7668165553717765
4.572009643770579
4.625625245243085
4.706346997278673
4.728347797128177
4.727723890768544
4.63617922309069
4.7687093536070275
4.771152693261237
4.5765928014928
4.669309167449585
4.713293247902479
4.748908069813499
4.735105568276997
4.670506248679376
4.773556382478645
4.744166520032762
4.5901833828889815
4.6937009608240645
4.7157600520206
4.741757146104609
4.738557595538687
4.651722192054088
4.762419082875865
4.726444386773908
4.381940563204393
4.500003557362919
4.520389836061377
4.55366137371315
4.752076782387866
4.712361651271443
4.753760575429305
4.612380687613297
4.410945653880589
4.511113533457887
4.52284123345333
4.54133043135785
4.73072779302542
4.608345205736483
4.743231792981269
4.573927255154835
4.394681025853756
4.4885006605536875
4.478321442572973
4.499775581079665
4.683985380033068
4.584940286183462
4.736035358290006
4.550008475123983
4.400584442731185
4.4752147728076626
4.490700629061711
4.7224196210990055
4.732393023984928
4.641007809010841
4.744642221831081
4.563560587707506
4.422581405253475
4.493310757091761
4.508566765421196
4.735837636294671
4.726770444501986
4.6536490695540955
4.757375657577384
4.612612700680855
4.4306051556650905
4.493316211964107
4.5326249095407025
4.755284270492074
4.649542193899086
4.737641019227956
4.839954977461458
4.651188945246657
4.650348462777783
4.710719462034689
4.723063353351387
4.773054020218489
4.557373587316373
4.77621088808458
4.808097013398196
4.636741125673263
4.677163525644353
4.714030193168684
4.729772194937665
4.7688647412947915
4.672931991948924
4.791798394220007
4.803847396563949
4.589059015367504
4.6753550505056864
4.710011106006042
4.712949240405301
4.760828799157277
4.684443338135907
4.771661026708254
4.746329086789179
4.380491602905512
4.462991199291013
4.4947760996378
4.509694151322726
4.732457988461333
4.726822706550235
4.80265950018063
4.720018314370225
4.419286413508038
4.513854717590456
4.525108821651856
4.530493885136714
4.73947584043797
4.651389602916976
4.783923166494243
4.663228578724474
4.397446225036459
4.500159589012624
4.516398395830225
4.717212153181733
4.771203498870127
