0.0
0.5559074291196008
0.9874283296808662
1.3341352371835846
1.2918717588645634
1.3865671987555672
1.6393072350164397
1.7880922563994617
1.7575706190814842
1.7017737884160589
1.7521336980177304
1.813055982131099
1.9739492602333832
2.1154417467459234
2.1391981097843433
2.1602038353519024
2.273217701409808
2.373908937451739
2.3936138487773917
2.35112327214172
2.357436198219823
2.4459782674969412
2.5924325761393634
2.681585676163866
2.6628402312279826
2.6805239908206
2.6629339607370186
2.718722022476004
2.8056935678282287
2.828322668977819
2.8729771644198587
2.922106156404929
2.98946770199507
3.153002330941245
3.1883249303723886
3.168023782006206
3.1084826390043987
3.1105811294927666
3.200096331369674
3.2603972713093485
3.2932340878687887
3.3089509490969458
3.36177874189636
3.477055216007605
3.5235357090047623
3.4601477381575254
3.4008214571717787
3.3950983300905917
3.4674882463955012
3.5237637211736748
3.514735764982729
3.5853171090915925
3.6294011816845884
3.711866554785905
3.7898135597578113
3.7767143508251357
3.7181402685603873
3.723055539712585
3.8015772771727976
3.882888857398986
3.8378654691116996
3.8807163077259017
3.9222880459990885
3.9945184728754892
4.095186393416295
4.086662789355587
4.033610265164251
4.030538336230101
4.108802287854066
4.1761077056561495
4.188967764326381
4.214024145810561
4.2199045738275665
4.3087555920970315
4.370617015161902
4.372313502032364
4.32314101742882
4.334666944189047
4.416850282725759
4.499711854610359
4.459349197305242
4.457628886450447
4.462780577378909
4.607509212002618
4.6828617968505934
4.723801783636194
4.66230146244975
4.6040876677129585
4.605331193924675
4.622896874250276
4.6336211131580365
4.591517976857162
4.619593143292939
4.786405021098554
4.868572626224318
4.950306035939239
4.844094810010443
4.7583364534081865
4.745482482191224
4.8020440528773385
4.748470140131912
4.790142712176064
4.830521625735929
4.938797828711812
5.042512459588926
5.06829650307987
4.994909879899557
4.941942183370451
4.940561233320404
4.973223371441459
4.962433011751963
4.950709083347988
4.975675531775717
5.087112991120798
5.208827678206188
5.286350816699609
5.2766641252944115
5.189164721621548
5.1499217882900234
5.206380945898037
5.1885496496818675
5.21396334986041
5.182662312661138
5.231870599844184
5.380062181505208
5.479751935171923
5.481359987230416
5.400053628838505
5.34852111134956
5.350205603263046
5.357991441392564
5.383665091358537
5.383417685725266
5.4470610931413646
5.563395506877916
5.622708072198037
5.6108092585481675
5.562257993207458
5.419338820551422
5.473781203742102
5.4843924483712545
5.556583487655862
5.576537198100768
5.665586730215422
5.7821589959319555
5.803456522925044
5.826727505853697
5.721348574455645
5.619197152244833
5.694248512308963
5.739235870238475
5.77208425308592
5.794499531045645
5.860637725807312
5.888666936942947
5.899725948435469
5.953543263992472
5.900517704611752
5.83713298311231
5.928423774497287
5.991150676934453
6.000454395793552
6.038605846187369
6.0867072881561075
6.121518757529347
6.1485297743436815
6.184849773368245
6.123327034070475
6.0122111545523556
6.046156056744643
6.124860846772035
6.14946779721694
6.186016715776799
6.205856540105005
6.238055292437522
6.222749796242681
6.2699802078421865
6.229618162812231
6.186390887926119
6.2542674298269585
6.299999216237556
6.363515952182511
6.3789831826454195
6.351433371021206
6.3902653787963315
6.409864873392042
6.478191369540059
6.418154490436912
6.34865220017034
6.397348319515685
6.455770593082261
6.544288977900453
6.597281516077287
6.547351678053452
6.547870294174844
6.596875142296041
6.640546114170249
6.601148827074429
6.600190869191115
6.613492488222502
6.699535939013193
6.737641791205889
6.791359502928853
6.707809883009743
6.691106715368815
6.684311871428712
6.7631777812893645
6.683662034898295
6.650159105720821
6.700591772766704
6.766276922782949
6.837339325263205
6.837743131175003
6.7940534293232995
6.822009423266044
6.861009615083424
6.920841832290522
6.873393763428361
6.841197055214402
6.88058457833759
6.95468387604552
7.060988672352645
7.098987180388527
7.0412589997143264
6.997756289234861
7.002052393830196
7.052151923102997
7.037228126567073
7.002603753771932
6.998852598896241
7.068139822502401
7.154239484647469
7.201269016521699
7.133235180190248
7.134405228926718
7.1472522039453645
7.191339548297922
7.210359403982814
7.2722618321407815
7.281703948233233
7.339519712527201
7.369701061965536
7.402054965228097
7.347309409489124
7.293363975899159
7.288000043734396
7.33961278129769
7.392191245770107
7.447760637833319
7.457373308364347
7.48275248538163
7.455273382196997
7.512354806031801
7.471116419888601
7.454328624593686
7.458990590695848
7.48387334980516
7.529708859106124
7.597931420633096
7.598846745852373
7.596476925539209
7.614934746019748
7.636788506073036
7.622373014426408
7.544192652530856
7.59308513048428
7.5953430668177635
7.671397867156146
7.69986120699921
7.696665998572961
7.721039996083947
7.7353158930413635
7.779117854485443
7.775654786570657
7.737381094596648
7.705276111759028
7.69862668042032
7.736542838212221
7.782159978509748
7.802011320313967
7.823809709489251
7.866318270432288
7.90814174121918
7.885391630272192
7.896472292117654
7.893300420867994
7.872979980446664
7.914045946693156
7.943422681618197
7.959938427432033
7.986112265941002
7.96776802755043
7.995155306842307
8.027839064473627
7.9972929243400035
7.984313318585669
7.9558665242243745
8.009510209593607
8.0425215356629
8.074412536791675
8.057677174097428
8.081791283995646
8.1391150746426
8.1246363920471
8.140864762250782
8.126207080241803
8.07752124580865
8.159326813085205
8.171339638621149
8.141285957995155
8.146615614751136
8.16084306767581
8.190211331342008
8.21692638034803
8.237025802922865
8.249469821491129
8.21661801288344
8.219194832896154
8.276849899165073
8.267308042288025
8.26071881344704
8.280481582984152
8.297030427718447
8.325631255662493
8.355893654488256
8.367193156121926
8.299973207585397
8.31821566333202
8.333911519257748
8.394854590255333
8.396884861558473
8.342353216393862
8.36643183429634
8.434859339227405
8.466412946198384
8.455087443719734
8.418065834934895
8.425124460600795
8.478583865576619
8.490967605925086
8.475214835100651
8.457179421794788
8.499943459597025
8.589458496140594
8.626176629919257
8.605128017072818
8.56949920613179
8.579570536419768
8.617367324315365
8.587449735804817
8.535154299895384
8.539138015166108
8.589139119466973
8.670095888177528
8.67146701546949
8.689531212969017
8.710355667024615
8.671128813066614
8.736662869167466
8.722590087036206
8.65063586613135
8.662840023934832
8.740687155611548
8.80368904136265
8.828806329117064
8.888756868217875
8.879969978417204
8.898885981274764
8.902759817500735
8.836434896469443
8.831191884859038
8.786964560129507
8.830358949209383
8.890197569383641
8.939996609336474
8.944436300314045
8.954464502964372
8.950229033741051
8.944650422015926
8.922401155141223
8.853430313238684
8.812961664615239
8.88847989153864
8.911723324083493
9.010145929887752
9.043174351467604
9.061079310393708
9.061770548610466
9.068096775739848
9.056161762244407
8.99737185939908
8.92301477891824
8.984782944086875
9.018480929787062
9.124327749157997
9.178374956906435
9.142629136089473
9.171885331473002
9.178828913206528
9.157969988442611
9.083374701840361
9.021837618517033
9.071917642175475
9.161050969213525
9.244387798654085
9.223927487934267
9.14955784296847
9.268837997025505
9.299558033813096
9.257347212509226
9.199646685594292
9.192457740240457
9.265164951239095
9.299645177832787
9.399689640272035
9.364153068011076
9.306037241088838
9.33329566896274
9.38961437669375
9.337962196454857
9.331506704867717
9.301534667022544
9.40540445653992
9.477794361568249
9.56334831262511
9.48634793820109
9.420792771483494
9.451957853356445
9.468824558286856
9.485844534717618
9.45028706839094
9.453555306154959
9.552585387628277
9.60387012635188
9.612186387988245
9.54581121951333
9.512471392218112
9.507463089184428
9.511324027864324
9.493494387988578
9.52774000820735
9.553954639753112
9.628181364005197
9.690125360533752
9.669891909612234
9.63383702762666
9.623383153810494
9.55443953057022
9.59123108075263
9.606676207284202
9.652883717730957
9.661318819234037
9.696096080788974
9.720590616201873
9.767372350368856
9.711216250150699
9.634687967326121
9.6038636074754
9.656463144745302
9.652880178383349
9.723060667016258
9.738935373416544
9.762846441353146
9.798053138973696
9.788145525015702
9.72838616693346
9.63894944107786
9.656460427903943
9.716637392665842
9.739773461188475
9.831153885968256
9.857260062428715
9.843563660635263
9.867423831250555
9.870970409359517
9.813015154246825
9.750394697590478
9.757317166209017
9.826980496867003
9.866585292999227
9.90107557633253
9.904347126719802
9.890250968402965
9.91757925254461
9.867427125825749
9.85643457414177
9.783923375388131
9.78859124027978
9.928569047304288
9.974424701989161
9.991537132452475
9.973957142386338
9.973051499643178
9.955096904698625
9.917258179202634
9.914202992043052
9.881221151192776
9.962172614582132
10.027425075857412
10.04487043895291
10.009331704127439
10.020068672498045
10.092757760672502
10.066930721701999
10.007960816468538
9.947635526209195
9.956593235360167
10.032570547277478
10.040072988995716
10.099657621436593
10.131984355174609
10.129461215182848
10.16280099427749
10.033668040228237
9.94235714767132
9.975107481768326
10.01798214218494
10.018132102293736
10.055800292161917
10.085954118736888
10.151610476534414
10.161040662180298
10.13154359596817
9.990140651364744
9.952886591102123
10.008937244800725
10.060023448133016
10.09489753113132
10.090493071213485
10.169506562121054
10.197109564078046
10.227575912952119
10.16966190083539
10.055971069024013
10.070904778087172
10.09948210901632
10.128351613497355
10.150983027356775
10.167092243058267
10.162349516654562
10.191164243456438
10.213782298624428
10.118534318060963
10.052519003703813
10.09948257999021
10.117545075365259
10.19732888450773
10.233324325856493
10.234796919859784
10.25285470236104
10.309478678465563
10.23476483104999
10.224196841828165
10.140207856509862
10.216378365272615
10.237463677043221
10.25901295359434
10.293977025287445
10.282785421543945
10.263887165558733
10.220343792383467
10.239364377191517
10.217490652805136
10.220843827125472
10.285054200599458
10.34736341592264
10.350607407051555
10.398967084002159
10.382441829993265
10.361737352111064
10.25568104788885
10.29090034209862
10.286908408181564
10.310888811470408
10.402989795793829
10.416470954431759
10.398175728203245
10.421738705357768
10.359827385242482
10.340375121216466
10.32806190381767
10.325982882947692
10.318247047148118
10.377914103803807
10.430399831818551
10.433874521326324
10.466565834792416
10.472651722248076
10.478204816222222
10.34375010186656
10.358380013892182
10.34542874664942
10.386206981893432
10.470502483035022
10.517079983984967
10.517793614861356
10.555772570766873
10.559222704945782
10.489808860322661
10.405160908192043
10.379591072835927
10.382618117885073
10.483778562819307
10.498999081234482
10.531309648613828
10.5885517424646
10.603233201596813
10.547798968241349
10.43836327298087
10.363699784538076
10.366712538680748
10.496002358709815
10.535902545496809
10.499967764282644
10.547928630655626
10.588082216785898
10.58528738743398
10.542848492113238
10.436329190471767
10.399181598977968
10.495780572059456
10.533544938387815
10.58625699895572
10.585206450674773
10.638525574532954
10.699692694079886
10.650609768520761
10.565173464779969
10.541607786809793
10.510126095462773
10.570205411558053
10.633694518105797
10.645041838104532
10.654618733417916
10.728184623887676
10.736846988692216
10.670290886266832
10.604615160189589
10.574480985703202
10.601143311942183
10.684352102624361
10.712710445986486
10.701030794654688
10.716673303002063
10.737161534513575
10.786713041818352
10.664760224774946
10.681125235697046
10.64299068537056
10.697288148089841
10.777247371402435
10.78107260313263
10.793549828508842
10.784906500147255
10.821571169991145
10.776174675126882
10.734323508191492
10.707871356100208
10.722961832985037
10.786742948052117
10.826049283725878
10.83494085507101
10.859409054208815
10.902521722975036
10.875821927087225
10.827810740173597
10.767507857448686
10.639715183038627
10.599668187342399
10.663143636077665
10.717383937483332
10.751549323604419
10.830719363947063
10.854599279204704
10.848505035966387
10.734327873547745
10.702750427968075
10.691816318477333
10.708063883398037
10.737668027279243
10.741610769285593
10.79768883124125
10.88438936960303
10.852700633201463
10.819381378939758
10.776255520769675
10.754746166506443
10.78730011542199
10.792893117759322
10.828861233928825
10.820032145044188
10.840629841094994
10.878813726404148
10.823311064659455
10.777396541626777
10.719364268959861
10.759812433697027
10.7780312213314
10.76995058559235
10.851818306955064
10.864618803211519
10.928084691873913
10.91236138892637
10.867668826986062
10.828471223114034
10.786829577063964
10.825917416898928
10.801440158692701
10.880552904758353
10.923351785708343
10.85610930883361
10.907555379046707
10.898177693293535
10.845683038928883
10.763726749346429
10.808387498964203
10.81666847812878
10.900745679907825
10.956510094699384
10.959726812967709
