0.0
0.4752324372885637
0.8781229310191939
1.377298022671373
1.8828395774450404
2.39363016836095
2.7333253664044
2.934260084730938
2.73471338096142
2.4942950048150667
2.3624016414472098
2.1474868327087155
2.0817903785605263
2.0756874514983736
2.1694025792788105
2.2084943564261423
2.2134999990474977
2.3169222363226223
2.5062400236154807
2.7806953511421924
3.0875252559948865
3.2253117282487835
3.1647996397431486
2.9753881093895718
2.786337424788438
2.722453679277639
2.6452508970418167
2.659186314292147
2.7901323623562537
2.9193491854303764
2.964227943175064
2.992492090236583
3.0109242339127715
3.1743260191356706
3.317384495047103
3.4434272058598
3.5025967070415525
3.4061554569138175
3.308057572633289
3.18340483724957
3.0546139768687643
3.087579824754467
3.1698847362959484
3.331027793953449
3.4320015292851314
3.4238486497401137
3.4421913261496533
3.5070868898889227
3.6752495263151754
3.6760971019472857
3.708621713119929
3.7722194867881873
3.7293968039072043
3.7224796387350794
3.6597732896791033
3.6361582315636753
3.676409691240402
3.749374431791049
3.9319100557494586
3.9757182495238115
3.9606332901844215
3.8566031370691145
3.9611238725815907
4.049633763753376
4.060613505198776
4.174167572308001
4.184628996444213
4.203757963269417
4.155025610798985
4.159735639241324
4.135747985409911
4.135741690773458
4.278888625745452
4.435360090239432
4.419117701049174
4.406655010914643
4.348087801664222
4.446983424347005
4.5094124388243575
4.485536770501106
4.552665322469159
4.480410209359757
4.455610124365603
4.4869162895979695
4.444664197619243
4.395019182316605
4.390925279864786
4.517759146976623
4.601429231439116
4.58498431854682
4.63229064098833
4.619330660756822
4.646300961918509
4.66356263668979
4.751250927910996
4.768909219215819
4.743325166110233
4.700287442109732
4.73712708681687
4.614265641813083
4.565635649231768
4.632819900063174
4.813327460338112
4.884302567744859
4.889880286276292
4.794932691495863
4.857244040898648
4.873229442354797
4.859973824814627
4.999261919649078
5.103341424584477
4.987491860270622
5.062879118927934
5.017360684842634
5.008127486251367
4.910263495934185
5.102727269944369
5.129900433441341
5.135935086569554
5.152770198405572
5.000490694095614
5.0435018215903495
5.128356826666059
5.2095738451844475
5.200715122369679
5.17461100972601
5.180534984387844
5.149751611040326
5.136169378256679
5.050576203447837
5.06757402746341
5.160516165332527
5.3382484079035954
5.2495476401599115
5.20436498031708
5.19244844006861
5.276080358325668
5.383287599811886
5.436572255805046
5.49444678646439
5.439882453931109
5.3741483104975645
5.434247369805259
5.358053602971976
5.387891036940583
5.493702848541275
5.611704563366568
5.662316113011561
5.6323104057507125
5.563002577681988
5.527278156730636
5.582333448982667
5.64722610721123
5.67992386908125
5.6839457934710955
5.5916962644217785
5.532082105779641
5.625972880661156
5.584661239430325
5.707842345258214
5.847488810272354
5.8203113944445555
5.845844555010227
5.929619595141206
5.898179154790676
5.912638308945135
5.88659464124037
5.949049577691565
5.96554688521151
5.811301300016982
5.8383681890278325
5.890566670677662
5.885840471662914
5.916853442091781
5.987979906116323
6.129766921755033
6.226578232213967
6.295094083302857
6.212511559023852
6.172324089178734
6.193612715255425
6.1983009548714065
6.301682437786213
6.23521889542714
6.193084880535412
6.241827441407397
6.135903699529634
6.058491838182298
6.123333272385227
6.211944504281089
6.36982982402585
6.395341595660466
6.433618793160078
6.378756604942327
6.394256116666456
6.426059258225468
6.441528732078158
6.477888850680409
6.4016591919773465
6.303450443984969
6.2500514221163215
6.1984212371656735
6.208121488447922
6.266712789133794
6.403396946207468
6.548084760056438
6.600451062070598
6.58569711069283
6.564577757834062
6.628729266454901
6.5886638318447694
6.569432269240406
6.554661450289495
6.446010842048226
6.298156839135058
6.380593575697038
6.324174121638099
6.43572604732044
6.611226573101452
6.739689448918619
6.812908768279837
6.8397783145622535
6.859539854798242
6.837858374514976
6.8333286917712375
6.7620016539959265
6.731789804169964
6.767275911320893
6.502914948109393
6.549466595093178
6.600193244189767
6.543054073458909
6.638151933052047
6.797817638029077
6.9286430279095725
6.9436675782872905
7.049795764612044
7.020574832074099
6.993105100383589
6.896715522329399
6.780689019859756
6.757925169156579
6.623116078426787
6.65469672707276
6.741697807545338
6.742488253821969
6.741674420297295
6.8685609577226945
6.980787647422648
7.067911078102348
7.051067112601159
7.0708042625814445
7.1010598890463115
7.04620366588925
6.858361031040508
6.862583861949022
6.871738303284062
6.7215536480813265
6.748941002853531
6.890776675762851
6.869166153875164
6.980370556861757
7.120272952110124
7.269066522735631
7.346498782827594
7.352150042907137
7.390308327499625
7.385112166044122
7.282184046548977
7.124953085358215
7.114029056540081
7.008849423044227
7.047981062633048
7.042167244618775
7.1097641554687145
7.096791796315638
7.171306693020834
7.262311446102644
7.372375010383974
7.426208356299958
7.5035535936328746
7.495637140813715
7.471082918913414
7.313045353927673
7.1799441027725495
7.109755967825017
7.091764538392507
7.138203182633914
7.228341184400111
7.221239937570212
7.296979376963479
7.352421738748927
7.464254175725075
7.526689719801939
7.566625734112974
7.627534305469943
7.71119786723836
7.637359395481197
7.398892129911495
7.344267300614453
7.307996852497238
7.2697897184771945
7.316497454514019
7.439693864781518
7.423035275726749
7.4654075443772845
7.554592592722377
7.624851378835134
7.6295796932052635
7.666632155571664
7.6480576864770615
7.598408635495621
7.552911455925471
7.357107201229815
7.341193023313265
7.251281532147843
7.324487659858945
7.428465244658108
7.407554516180154
7.469000058283109
7.576160033571225
7.635037941827789
7.699343832102987
7.7995682639365125
7.8071579997626666
7.730014784858711
7.705568983537221
7.546708015043632
7.41525883384948
7.398389507614425
7.437036221327431
7.5137544108384935
7.57744295907461
7.668947518414467
7.619678511405678
7.669792874503691
7.71545122574382
7.75605738996087
7.844792160258359
7.830239226664765
7.798292417088076
7.8054674291894175
7.600600341081626
7.493604029052995
7.487065646540183
7.52152799525402
7.674187862341661
7.745327105265924
7.796817515474262
7.814818010749031
7.831053232236334
7.936750365202449
7.926564185696613
7.948134973819676
7.936570413583411
7.824603369346259
7.773874279720422
7.563119029800499
7.5334609447564524
7.641604783818251
7.7308275457821996
7.7756933070665815
7.801522944667122
7.874691167317535
7.891418455478839
7.910101804384518
7.987369367813602
7.9966197783033435
7.936655416306994
7.971240319039274
7.948750641077188
7.816942606966552
7.674859717449163
7.649496024039574
7.753771218644668
7.818992159503015
7.832954840646119
7.86841142152812
7.98738701290412
8.009271937607297
8.005214950076878
8.020344549032583
8.022675785514613
8.001155105992067
8.064062798093246
8.09127691927631
7.915839144643735
7.965127997392721
7.964747208565503
7.952625853879485
8.038850679182014
8.097689162721405
8.112888251721303
8.135245723882322
8.136075712310516
8.24580598088943
8.267006281863852
8.29570843711894
8.274930472762282
8.264669704943021
8.224880127547886
8.187040037421001
8.210963364243794
8.174432949627093
8.269425738551563
8.315292199336698
8.350535265071613
8.393271936075736
8.346874981571844
8.379588302364697
8.47198079196816
8.448632502577055
8.504620984953723
8.467606518631776
8.509412974011774
8.4227326376304
8.399715613878369
8.412611102896207
8.440461163087987
8.499661336404015
8.522677200626731
8.548720318724099
8.49882018290742
8.525459174770878
8.563705254584432
8.561640089689437
8.5985764039432
8.585221840413977
8.559223175208732
8.522185256641903
8.445149157930222
8.490549691325507
8.488735719641287
8.425288288326964
8.424540709989019
8.504173113426448
8.486374840854033
8.525351214374329
8.587661912654886
8.59587193581094
8.646234484716256
8.578923019775289
8.559432772016812
8.603564113383092
8.534752776373125
8.468756609625904
8.473675225019635
8.474388592317522
8.51774445034061
8.532587918927703
8.462827798263048
8.594604296055135
8.638918712712996
8.67828617907516
8.612605640205897
8.606322917435655
8.588616702597767
8.586805374732508
8.665668120941245
8.613899449398883
8.480646142596854
8.482117642232758
8.540752167926861
8.616102736422905
8.583321661835248
8.58943355024632
8.649136669158397
8.651005479858393
8.66240876964378
8.61146340799232
8.673549049414627
8.581275341282451
8.623263785847378
8.692744803052529
8.63531754764065
8.493379065892613
8.534969913367112
8.609534942572695
8.660210598447186
8.646445357378944
8.609141309361666
8.668561495787282
8.735410064463982
8.702045191780726
8.680634010308083
8.690314445057904
8.616040732037886
8.682264437271169
8.71256032792569
8.564446908947962
8.555410066098665
8.522357273436727
8.654903987372824
8.628040870362671
8.527454292034198
8.594257417318047
8.653164130948703
8.697596305981934
8.726466172317917
8.708550921854394
8.637339350859639
8.640724353887284
8.723737548043067
8.678198080776232
8.530195125355455
8.524240397604965
8.619229656639094
8.655749970283908
8.505581924477182
8.507464439203806
8.580653071486937
8.654177993807313
8.700424623982572
8.627122865109964
8.689121412926152
8.640473396936377
8.644862512340312
8.663495980047486
8.53045782406713
8.45569447054251
8.536286549324723
8.527044376162227
8.634501873332507
8.563696989508426
8.583626201320937
8.675035035309344
8.755501703290685
8.76133510737865
8.731755243001311
8.727944803766544
8.760498840205889
8.757894751909378
8.679408127719894
8.490030909394239
8.551223080240307
8.5980491608282
8.673413442467412
8.628894801801351
8.642096839971483
8.685655412768401
8.780431238645964
8.849507441929001
8.811974934439496
8.796416562740792
8.78074570781627
8.778372994824625
8.778065090588647
8.689935876186277
8.556439357969111
8.706298786779357
8.729577349240158
8.714641764267524
8.705201837565907
8.774226047831721
8.783588880867152
8.848903908878725
8.863968047322262
8.843999122654655
8.839411336053248
8.785194457823772
8.731765545781496
8.732148651740916
8.516027479785892
8.494012308590902
8.52239385973791
8.602258088440996
8.677572969987013
8.687358670183658
8.767174747034668
8.870598052778565
8.941442084941917
8.877301411055113
8.88463882396479
8.814636477392732
8.787768275188904
8.697552887815998
8.700699449134762
8.574318509559065
8.68394210619286
8.730252950805964
8.779802931139645
8.857386472433989
8.904701048910688
8.941447886117102
8.93500381039143
8.936231103774723
8.923707177138693
8.920284546303916
8.954249145269529
8.924755044568073
8.701939630219048
8.781123366644376
8.757664379835694
8.80387720476483
8.79875747719645
8.77884697557127
8.875311737533952
8.933513811310641
8.933024486136892
8.952117904678621
9.013103785853454
8.989266019564196
8.921897798964531
9.008587215780631
8.955263151527712
8.9069875155641
8.762877229819313
8.795472929486632
8.934517677540372
8.982326041214742
8.996668826341343
9.089809916539474
9.105799419946534
9.138941104515416
9.194700240762678
9.000803251272183
8.777114610097394
8.759441031307826
8.888703847352796
8.851244058823788
8.804462862383481
8.906443710493031
8.925339370958605
8.941624346929288
9.004946601164393
9.096098995843938
9.12965028500728
9.095115475755442
8.93086513128415
8.987803754605743
8.795193213283687
8.742194453580751
8.859356889453084
8.852894284389086
8.815357045694796
8.7820260432794
8.843605359279398
8.880532104695988
8.92132679454705
8.964618771375514
8.99917406509717
9.013272710597725
9.042347851525445
9.174350400650681
8.940042587524593
8.895803618892382
8.872888699285223
8.972891126270293
8.989131798579788
8.952078232898565
8.907362566960352
9.037567356817673
9.105485554186487
9.104578811849418
9.10039127868781
9.135029279754605
9.155193502642458
9.249183080643316
9.298635059541539
8.945113001926835
8.916102391942822
9.009813868557472
9.068681272656198
9.035968516077508
9.01828622591078
8.852616535074768
9.06955201726196
9.117343486307721
9.137744924207697
9.171604088015517
9.169809970496058
9.188998374529026
9.310582893281955
9.034436542632855
9.050336706948938
8.976637547206128
8.979962319538906
9.073683713044945
9.044842783831092
9.04746870480037
9.154248648243103
9.125082832967271
9.158854250283827
9.19422525647351
9.227115902240822
9.20984961181002
9.250117754060494
9.3030285718255
9.049157600730933
9.075003277425084
9.04681742713678
9.046804316037358
9.133354042517045
9.093653096027527
8.986171406343605
9.077431982358698
9.123100995209134
9.112633567235099
9.267837064108255
9.24335225768996
9.260738002083567
9.291087874136682
9.153390879298879
9.14878973923865
9.114765053591066
9.116343132418463
9.181722060721098
9.18305074455666
9.091669452202893
9.025274707493782
9.141922028962197
9.162574990087824
9.196599665803703
9.200706428851408
9.215642192723422
9.271583860133658
9.336298289840345
9.179699029233616
9.135859903786132
9.164521371406792
