0.0
0.4538286730365921
0.8291745673694
1.443888013502868
2.009456150207226
2.1013468092897827
1.6942532917860709
1.4382627981172946
1.4243119280565133
1.5814229065989955
1.5390808672704717
1.8051762429667646
2.1608329513866877
2.487137349859112
2.2532076366104326
1.9405378904204713
1.7994655346547161
1.9146402839040606
1.9670251365598286
2.029027770477953
2.243391879689377
2.5980100707528555
2.621824982126419
2.3710832077796113
2.142350673614619
2.1489211061814317
2.3259033568702163
2.3200754371663224
2.408149090783813
2.7084399414756075
2.9349131065155714
2.702282863884342
2.4810407783904322
2.4005474044497057
2.5760848138930847
2.460097830131282
2.559687625595035
2.7461164148873918
3.032844968437758
3.026178441125436
2.8176694291686544
2.743588025159804
2.7542104121428888
2.8000741281566217
2.7938858470046974
2.933876795725438
3.229860515782211
3.2971105198145088
3.173502927534196
3.013269454418606
3.0152849477053305
3.0892267307264296
2.991745187047814
3.045521358418849
3.2793439061401375
3.5286546975844675
3.534727167529797
3.4042845058219395
3.275479922612217
3.266661332082125
3.2490650557163705
3.3415461260170645
3.4028600206440074
3.6236782135529206
3.78586061797124
3.714051003889293
3.607029210696331
3.5628444214551775
3.6778535196725284
3.65217481421015
3.6841186142631845
3.7763801916205693
4.024632519926251
4.035792176584474
3.890242040790871
3.752044625156
3.6991539069938546
3.758848544036577
3.766283030729608
3.8258395940068386
4.054573585599593
4.157409011376371
4.1527883629064375
4.032900637178611
4.002988647087242
4.138704548575572
4.108455766821376
4.19645331749662
4.334173475653535
4.500936154914067
4.5754189453922605
4.512274538516248
4.401393049296392
4.372467701561307
4.491745364506141
4.462061861258262
4.5722235170752334
4.793988463960025
4.921326132659943
4.8907024951682905
4.840128832332563
4.830441153270657
4.956116374579344
4.941969268134615
5.017019527737179
5.105328484876601
5.328896743985689
5.412941927144669
5.321242232590518
5.290288607991174
5.36265835166705
5.370309655020108
5.3533210449523585
5.328788838328806
5.534341840538524
5.691704623059852
5.646219095993106
5.548923532938374
5.557874750551315
5.608954372533117
5.533269272035995
5.639177281654077
5.743186447514744
5.899726210532977
5.910281228263825
5.79025430899988
5.673012854675987
5.713684572395636
5.807229746059863
5.749367651394542
5.822397256188636
5.962520078560154
6.0127412371305065
5.967991131312371
5.852074781398906
5.813054503487928
5.91790916873687
5.934473174478016
5.837788513468455
5.9911991732018945
6.1256989571768194
6.079451509459346
6.016199551484588
5.928280972475237
5.951381746503141
5.958431943478005
5.993579541579584
6.085515377255048
6.239752386380058
6.271637492559821
6.222813067434848
6.197079818096419
6.193270704866543
6.236211835802482
6.193435645264625
6.274833661846092
6.35888090525227
6.403221066134097
6.4403331908956645
6.34864144102035
6.336446622408927
6.321854926297806
6.348059348456328
6.321006065676653
6.474729680231103
6.517138624671309
6.575222483528335
6.553888917129327
6.519140037891855
6.515507839122507
6.522866273727335
6.530344283347914
6.597855613068845
6.692933541778208
6.672471284088096
6.648928588416295
6.615064334207757
6.574894683892164
6.657179900229688
6.628432173619612
6.68296415251162
6.710447357053509
6.706579947795085
6.753399856984809
6.7549505664889695
6.709952916745587
6.721846540926902
6.638204064993608
6.627695060023256
6.748607462591064
6.7756560892806315
6.8131227034007384
6.86893355266025
6.76336258580742
6.7414021693876
6.759975327657663
6.806156063549708
6.834420783486784
6.884917895874075
6.880373286127275
6.922370650590692
6.80698341612417
6.695884502250165
6.701377961920442
6.797963384575692
6.878397280182462
6.941912774782549
6.866798338599025
6.854799895965042
6.828160422610022
6.735706627154094
6.794643002810145
6.8563485369292385
6.925960647452864
6.940814213531468
6.921496800618557
6.9102902389139205
6.923911250593503
6.94782668845645
6.8990020534104675
7.034663939885311
7.032649510288327
7.115568233908839
7.04328115774352
7.02009486241946
7.023244124986593
7.079835642082128
7.021154145222769
7.142345995798988
7.240038491490791
7.221504001002305
7.235118153810318
7.132026850053124
7.168001630379161
7.158455152150661
7.112695988730195
7.218249935017689
7.295977376889246
7.3563263336834055
7.348754645297243
7.298158329990756
7.192792490987952
7.286497361635238
7.184233209043553
7.2513550575228685
7.314947404116537
7.492050710828789
7.440268437600518
7.417342604624299
7.278945044277509
7.328529669845455
7.360654459734272
7.3706972049978505
7.4207766360448355
7.513027681088371
7.522396284970959
7.513465975814515
7.364976935583267
7.452469699964741
7.410381098771245
7.410081531224079
7.42226168718835
7.577904580443345
7.571181386473217
7.542018400923288
7.421186476270655
7.436380349147814
7.460400269970782
7.398588465250637
7.4660392323214655
7.568459819106861
7.626907172558556
7.568500715764712
7.497063653367469
7.435460218845393
7.516081825395099
7.527448023149827
7.496990898337338
7.604608903851834
7.625707410428415
7.607838568175376
7.536385210327472
7.428974236589105
7.477131687500582
7.548947090942328
7.497119808211701
7.554983645004137
7.631667229142798
7.626722198676581
7.576905894927495
7.459203237898688
7.503661039130182
7.554598905048452
7.6039160885821895
7.587481495469029
7.627582071426847
7.6738195303983865
7.624065059293877
7.533281417802316
7.438848451077171
7.591831016471123
7.633955163437647
7.6128292630756835
7.741869123867278
7.736061850360106
7.570097520543687
7.595841374240957
7.5061959627114465
7.522678662641598
7.673536728524601
7.719892988396071
7.798451775501411
7.822577195289029
7.719832970719895
7.646076757835035
7.56111632023398
7.654141002924661
7.68987873169456
7.617364645338753
7.790180028457688
7.8068967043121384
7.83351403252271
7.629538404147468
7.593206163573476
7.620376348871267
7.614262507367012
7.677741078740853
7.839479645774844
7.792299150550942
7.835368420093647
7.798012005221982
7.782462669083079
7.690250681287945
7.790882064949395
7.817361186310744
7.9456585886012165
7.900971864463472
7.760675857671024
7.750349682748206
7.7332736952735015
7.7349804523742
7.74693984824115
7.781399880859417
7.9661361290294215
7.887836740315186
7.8951088869017685
7.848912897371475
7.887764010578354
7.9183165807710205
7.936135990324906
7.866766136782301
8.018867377248924
7.977514845670906
7.979351703377025
7.920556765527058
7.9523605171985325
8.023456718060027
8.064049028613425
7.938960757170036
8.011947563540142
8.027528375800438
7.993116398819117
7.818577324619474
7.971024811815784
7.9994559858989716
8.052427034442664
7.916615202569603
7.98286126943983
8.019990856039138
7.986865953392106
7.800110196217104
7.822039874312912
8.009678748883735
8.043329380763936
8.008163631929547
7.951325184679982
7.969469795747444
7.946770719887894
7.842333860120456
7.9241966581206915
8.1530727224801
8.17453986175188
8.208689507256523
8.219439406516416
8.169114552045537
7.982302808817498
7.944047133406244
7.9956434247212265
8.206819503373437
8.274542151803933
8.333264740369323
8.31382901264789
8.22176285208203
8.05540108533261
7.959896597098285
8.108112591228316
8.241015573034566
8.340412807874092
8.374914221075858
8.411739998949963
8.26929456968162
8.059694972650275
8.007496208972185
8.125609606704176
8.232268724337525
8.330717937342376
8.454065605825923
8.38902930062628
8.305831813542197
7.948041513012663
8.004613530221787
8.172619901309766
8.194906857363424
8.315479567105559
8.378868589020032
8.35116299349658
8.196283519459152
8.085204417265677
8.127629239034516
8.097884382299025
8.283387872988703
8.328728248224783
8.356880622947852
8.340934327502675
8.197465881061596
8.160852523101672
8.0610593215091
8.198709357226099
8.274231137246659
8.354901691526216
8.459502528417458
8.418203493364201
8.342719992844643
8.260690870136122
8.156416570981692
8.223477783641174
8.329394213921388
8.373157192919825
8.434749954066303
8.357200138211116
8.383836339719789
8.340267788141272
8.221845186651668
8.272485628554179
8.34743344788341
8.428647051336199
8.45014939515845
8.438170726479532
8.444425534223136
8.367920331843793
8.210896638866698
8.23932333823421
8.382423258551709
8.431974793023574
8.478877231249669
8.564425695292645
8.490573853799928
8.407727452839103
8.298079733204762
8.268275954242057
8.464138408569394
8.481577980827065
8.576024541285301
8.680221538888842
8.521697054204227
8.473444814741102
8.337608570158968
8.273658359642585
8.478400325876756
8.488432176625189
8.598897655665864
8.70738363090531
8.60752427977998
8.474569015938371
8.408977105705445
8.3223118969789
8.549540299441748
8.544573952471195
8.644495880715676
8.620042545159208
8.657811289321824
8.543463706184628
8.435876436210842
8.384903838941193
8.513667250330071
8.6871620629118
8.74784992718426
8.655645293207899
8.721357121310511
8.612545177876218
8.459390623379702
8.463727451496805
8.608449402043416
8.764755947238768
8.786576430890356
8.731472551224202
8.730168932813113
8.64858898500064
8.584944328088728
8.441802040790925
8.634967407869377
8.759088800176777
8.822004500923912
8.660593288506167
8.753281123607225
8.71317503923082
8.566839888689469
8.546624706475576
8.650933325546356
8.754467017885505
8.840945141610863
8.663351224918609
8.689280585325045
8.629402654991122
8.483349756023335
8.519506754241618
8.669576426684516
8.79558845584551
8.865669094827334
8.697929453684086
8.685940127734389
8.611204139251926
8.549592909122005
8.62927286384198
8.755843409567877
8.875666571323999
8.858290572738095
8.762459542507612
8.764604417123898
8.643192367899788
8.61211528632729
8.59116361513573
8.706443015459364
8.81387235541165
8.787662685372172
8.7291278040239
8.651684412959279
8.625485464200779
8.616370419374276
8.590015884316289
8.759530814460932
8.828851946876028
8.875866655270475
8.786765687036166
8.645641527709037
8.59014557343319
8.503580589886385
8.520222475967756
8.518552376220264
8.704827138683273
8.789122519839388
8.713551736361442
8.651688400677749
8.464928743240803
8.461063072384212
8.399041932550666
8.420122530104656
8.613119340170346
8.629291435463308
8.643950364661789
8.622623905352071
8.50492557417605
8.513813540386758
8.494998454176528
8.486408883891428
8.663368680762089
8.643788839652775
8.626885196837787
8.628623035231332
8.610436973687978
8.537373179168073
8.51386687438598
8.552915583478097
8.656039750047665
8.739631541481012
8.712687626718166
8.632366939190588
8.569348720418109
8.580490860519493
8.57308711024378
8.644991312871856
8.686653730302854
8.777559299467924
8.656946208162514
8.629289441618706
8.520711853272205
8.608219616919492
8.677354454891242
8.691208522904253
8.828896821668577
8.849908128398077
8.781160641613688
8.682026645588115
8.507281204851864
8.592201795796198
8.677593871274976
8.730273654741087
8.825641336920826
8.872805698457517
8.765207182485517
8.63738155167195
8.540709588205418
8.61926881555857
8.634491365590641
8.639128719804905
8.720955349443035
8.730930200481312
8.73137682695475
8.56467811431181
8.629224461607397
8.694956825150978
8.645870046733323
8.699187654174757
8.776351498695103
8.813901506714307
8.768403748803127
8.679400924337305
8.711723344826023
8.765607707870027
8.735760133563197
8.817288853881593
8.869271643561405
8.881406128927946
8.855924898631292
8.7212382599687
8.766741153669567
8.79178538073428
8.844547672254516
8.83585103761244
8.83218266397782
8.877818985282007
8.855888857064727
8.73155727347028
8.768801511942787
8.783161357402497
8.843978658211547
8.802856368317837
8.833681847295876
8.876389265352493
8.864360384536159
8.738177322607056
8.64649198648439
8.808315740883158
8.870754442773974
8.808259062690851
8.843586933034588
8.805336047538088
8.857865452310675
8.794430450823462
8.681678855782646
8.774666982223193
8.933564411706467
8.89689593254805
8.913739353351248
8.953404251832938
8.951679184887938
8.851640889581311
8.650292097918902
8.880346818571157
8.965834726039285
8.858974851219083
8.880856795514537
8.906554788954638
8.921170229496186
8.863308122936788
8.767153684818673
8.906479138731926
9.007920148534293
8.954748924656853
8.994786675383589
9.001361785303665
8.920718978012818
8.908770283202955
8.88601896903106
8.963071389471898
9.038568060258237
8.934953643996318
8.99620573852186
8.96221373833359
8.907424451819159
8.856732016892789
8.885132168327111
8.955112158510483
9.000810778384665
8.95484640121455
9.026073538810573
8.987309778964095
8.870774394609908
8.853095965403373
8.938657917448715
9.007030265077322
9.071164434722842
9.010659789969015
9.112814103484055
8.95616655609271
8.8105112683126
8.785110759451632
8.845481814358804
8.889015486495543
8.985791342482676
8.941319358734937
8.91956305320942
8.828003688440884
8.831856583374654
8.777466781221982
8.858086915862865
8.86824051589063
8.916668292249287
8.923128504467915
8.869443666200086
8.81537952920054
8.86497779098485
8.847512633675217
8.86601359710364
8.901690589973551
8.933463146013283
8.941976547366846
8.875931275735866
8.698655806933846
8.729596268110477
