0.0
0.5621759071163117
0.6831826546472439
0.8701743592789348
1.1174321169169863
1.5951979369190386
1.841275879686583
2.0790287481461873
2.1672008823757407
2.1773268065141522
1.9348643516043205
1.9332883286926505
1.7346452358201432
1.6248788839992494
1.4870863847408329
1.4161215153328242
1.4825556918291027
1.4526631317013003
1.628336934133331
1.7110200633973345
2.002328346109631
2.2395128966645674
2.428093660521552
2.607087371613853
2.5947975645298405
2.2098105980231937
2.080731242231892
2.116989525852818
1.886993622594774
1.7483275711204254
1.5665878968750526
1.6279436094724344
1.6893684864775962
1.7488721615358984
1.895724818301261
2.1965172190698694
2.3473622855634906
2.690636710208266
2.8002163140126277
2.6388464882435128
2.4076598877956368
2.2771417684979522
2.0902664609963835
2.199346779272509
2.1664168159048303
2.0820424290143
2.0291126310286343
2.0534679360911934
2.1299187463525575
2.2268994847824737
2.4563967573508654
2.6095223009300663
2.898133067042823
3.0620338134893452
3.1274250096243303
2.9567340589254565
2.8156830289768484
2.5491565025172123
2.410598128685899
2.406009885715572
2.2013951430068213
2.0721530766194074
2.1139432938677563
2.236483247406631
2.333823631819667
2.5254180214236417
2.8202325501545107
3.008180013753515
3.19217312336958
3.2047704113553657
3.1570036713315415
2.769161080059424
2.6162985592967365
2.4681840723121957
2.341703407484924
2.3746625779123156
2.290729838193793
2.332159452402264
2.4700928424271393
2.621201182689936
2.8054197455104664
2.997955287007359
3.116153223811446
3.428265928592289
3.4538039543156693
3.3826772414664417
3.1298717844341475
3.027521327229934
2.8131331563577358
2.7171426660394857
2.682696934733793
2.581715492315816
2.521580872661911
2.6789840358050285
2.751681942431102
2.842994771056399
3.191049711455473
3.2610353541110366
3.4469023912514576
3.52874068911017
3.5728605409991383
3.4080978635978383
3.2808209994894146
3.0249004327799005
2.9094915441360514
2.957218372756807
2.927322030251677
2.8449210789953865
2.9660925630255264
3.0234847972975403
3.0629281262952386
3.296720904798828
3.5896659102458965
3.6973667707536566
3.828202105013649
3.8115744783207552
3.741632540790289
3.3910312145088217
3.2366499048635933
3.190449656061909
3.1318211810005416
3.128475281673525
2.9454271923777617
3.06868697743669
3.15918644122993
3.2593246449897277
3.341531561939821
3.6038474272140557
3.638542031012395
3.855379440799793
3.8809456290253834
3.8007579755982706
3.5281689255446245
3.4473353617229705
3.2786533810923943
3.1771805307838936
3.0255188853039625
3.0390426317306733
2.9272625372541645
3.141166501333898
3.1641304665382726
3.280597751547726
3.5494363501657578
3.6799722899177634
3.7915037862837506
3.8474297133062922
3.910813094184918
3.7103626252770234
3.6527511215915425
3.414189998349636
3.315426769994418
3.208213488865981
2.9732149245615953
3.003342323746243
3.1262271810095066
3.2822404816680253
3.4171519916617923
3.6050800533010974
3.810784320830223
3.92680627148996
3.9988350414840603
4.0362053030164144
3.9129669864779655
3.6095451131626475
3.2859622937229984
3.3059735273392
3.2805869843455193
3.011258012818136
2.9878737685803167
2.9013984096118417
3.264034582882297
3.3125933380044676
3.382477240124351
3.520957429310484
3.7573738173484372
3.939068138655815
3.922814051586018
4.005309714583543
3.9190607986408663
3.8400888855082016
3.625929007073143
3.349459056485449
3.3288548339319206
3.1760152803987713
3.1145633738629983
3.3312123295502265
3.3706875799365426
3.4298050212784363
3.611657861083778
3.9235623930886003
4.005098211525813
4.1306100246495205
4.105662315845217
3.9727589655777855
3.8227246466640312
3.500794171860511
3.5091537909911743
3.4047538885941786
3.285399798502983
3.14535713557418
3.4326131942815707
3.4738482350908972
3.579235355936929
3.682658103680343
3.9180817250800413
4.0861002018391135
4.257722790420955
4.2829306884611995
4.152939918898094
3.8157082672447045
3.725143591992339
3.6149218164347663
3.5161577166231517
3.329489839051796
3.235245468003134
3.198327978843829
3.412979153470192
3.515208562525934
3.607178022145581
3.76874847193332
3.8467205467720857
4.012949243125486
4.008832651305517
4.052573962930642
3.8145500222943634
3.749287757217486
3.5594400463175546
3.453847172038887
3.3102911640290262
3.2496822211266476
3.1589565266013357
3.331519031903646
3.410597853233433
3.4715791733414636
3.6411674850872826
3.867691485426988
3.9843738062408343
4.080053764837943
4.073232573659811
3.984474614876495
3.6372315665594925
3.3584633476846215
3.457575416355145
3.397522051289721
3.154850907787453
3.08685188674851
3.0261415193220382
3.3989523468877234
3.4340529594053266
3.494603981210768
3.6254460656379726
3.7760780421007594
3.9260184277973895
3.9932794769940987
4.047383762539218
3.9466817905973346
3.867696077201394
3.7557397268148516
3.506429724200436
3.3313193123024556
3.3355340858637605
3.249303065885193
3.489697362629211
3.4396771885412925
3.593327797909956
3.7721117850124806
3.998170689555135
4.043442766898188
4.180478176973396
4.196257045927134
4.098766792888155
3.7947701866991634
3.5812695808057553
3.536382920417721
3.4232925301794457
3.388055906082041
3.147118850865784
3.1926679618169858
3.4628506742742577
3.572665082215834
3.679819412413202
3.951984271662912
4.045426121846672
4.188850600524694
4.210544741433709
4.130007502543734
3.763929356955505
3.648836680725596
3.5234391262599516
3.5370467517686732
3.4221257192624877
3.319298261785368
3.227651042985357
3.4853997037202418
3.5019026072930397
3.561357315946798
3.69516036969288
3.867162929179872
4.0565763039091935
4.0917991841220065
4.18807735477396
4.112347869166108
3.9371262054109493
3.789644992055633
3.7530704677520967
3.524014978677327
3.5358618561689643
3.4310119255169593
3.6114429787387192
3.7044235280450404
3.7928400033528082
3.908168531077068
4.039182485323004
4.150123810915562
4.169122269589379
4.121071940597277
4.055298204654811
3.6730462197543976
3.5254431453391675
3.617180372157634
3.528934073355448
3.354855957889019
3.339800901176579
3.189591238101454
3.496708429182302
3.5193256931435815
3.595273522069787
3.7339838359890347
3.914303127531936
4.129694162074378
4.067710999406131
4.124142552969873
3.934495486938616
3.835763535285694
3.7508263557643704
3.5735184781978115
3.5444033621676545
3.4732412086290143
3.398221582120339
3.5916082960060565
3.603892878567925
3.7076547269899343
3.783267387944475
4.017906490783617
4.048802741333787
4.083317287096596
4.060327931929073
3.9074751241496255
3.717495078874413
3.3652213772614887
3.3297738584313645
3.3545091652873613
3.1305882046106093
3.04760113918402
3.1336006782613666
3.409096885588448
3.4923139691959433
3.5967238839671256
3.8301912092380133
4.002123101645396
4.06361700323813
4.066194448816921
3.989942477657158
3.507031204818265
3.309361311814084
3.198122674860496
3.3555550142557666
3.23721915866092
3.151699538616501
3.0783355153111835
3.3041981705868992
3.337601153952213
3.380546460494333
3.5423798979745373
3.637131307598187
3.8112547348046095
3.8617472776534782
4.031857738609478
4.0591596191095975
3.840858016446245
3.848035860707946
3.814517485570969
3.744279512321731
3.711660243067693
3.4979595470861526
3.8313482957639637
3.8955400500376762
3.9160824398283944
3.858141516463309
4.038058169664959
4.164781820967689
4.183803761480827
4.217154673591025
4.15783166933215
3.616364303104155
3.6162788327483706
3.625665891073679
3.6640978921560756
3.7004274494433114
3.6957790374189887
3.4720552535117215
3.7205761292935167
3.7590710914185306
3.8073326773014737
3.6960447115340376
3.8498560024508928
4.17386654760152
4.160083118952153
4.2048084160983885
3.9347170191402894
4.065738894346571
4.017549936448041
3.9637816572522757
3.9258837940959572
3.915394204997175
3.837992767217902
3.9234917481108873
3.943270075497306
4.060237823687707
4.086774107360813
4.053366612632255
4.138126227845863
4.2877325432882705
4.294072632162554
4.1272173405585
4.06657768083781
3.8925799384902255
3.9731647601210556
3.8530258797837376
3.754501970861295
3.8169049984732863
3.6194588907265444
3.8432086120595126
3.9843607330090114
4.010625691117235
3.9398319757812
4.1636154832815935
4.250418148329365
4.226671428087383
4.184062251619773
3.81983083572443
3.892717194239436
3.8544951287870357
3.848337284668846
3.8901283352611533
3.862580523103301
3.589062191256962
3.8402946652174665
3.784591399924734
3.8432001848009727
3.7324919095436653
3.967418365047688
4.1043110870306085
4.100408570325191
4.238712813515251
4.194953780035946
4.0989429023850645
4.036789035144828
4.075876244712046
3.875077867430617
3.8656149832891975
3.844065778991458
3.7709213203414333
3.91526853247839
4.015144203303933
4.03179799365254
3.9802957591570793
4.218438177124437
4.27570936378741
4.144551565491658
4.131862351684126
3.9627331091853595
3.7653554429757006
3.8057607160935096
3.899802517096078
3.626388962241597
3.7171671470115113
3.6426986357846545
3.883744224245808
3.9835803318117846
4.004523418310523
3.9631735750509947
4.222578971334586
4.281699206518976
4.236063129146717
4.225323999708433
4.186107873578149
4.094948326696658
4.026063319621616
4.106766214573744
3.852439803542305
3.877987946372069
3.877844457620452
4.059243497434591
4.039414951169699
4.12452715843693
4.1578132410506985
4.173958422147624
4.266205340792978
4.317919185724594
4.2987601235534205
4.274736462190865
4.01820692951482
3.8895859722340926
3.993961729042203
3.872195570981979
3.787872009268959
3.8063123275245716
3.7168399753487265
3.859589336545888
3.939814534367576
4.081809036687014
4.172610881154902
4.219034110162367
4.33214156402082
4.477672281824675
4.442586823065952
4.163074695677728
4.010355812847738
3.881012716342786
3.8561460587555225
3.7271971328333193
3.799622892085048
3.7764147511441455
3.8900918424148307
3.7912154777016944
3.8737943008004905
4.08200295362557
4.210803919309503
4.098205798724049
4.245328867761708
4.411480798792243
4.279705320108454
3.9455122732300802
3.702868559030751
3.79426361570651
3.8138119014732577
3.7563784462502956
3.8802224627224846
3.87827724560321
4.016136738847474
3.840632397496481
3.928858557702353
4.058168346748012
4.155802557984056
4.2328458599475
4.284402784684832
4.231301956384595
3.8196834053782442
3.802340397812935
3.8048582214726983
3.99614147813514
3.8332701337432304
3.897238940425748
3.9377063569998336
4.075896415157255
3.9296278060293828
4.01799937899371
3.9704148142938895
4.302758523760072
4.223763070877731
4.283318378092962
4.309074780018807
4.134967243111532
4.0775519695954365
3.796754658375824
4.041987750342243
3.9659115324174277
3.786366209453899
3.9000478844773236
4.158210386469835
4.00195603757046
3.9556123445824984
4.0074474584730995
4.203807808336218
4.173788397133805
4.26570126272492
4.270446226647674
4.265512303072719
3.9158327183060373
3.6145807913413224
3.853517201900356
3.9294988813766
3.722837506419946
3.7577753627572403
3.7816258427994414
4.076552991789072
4.013323176872772
4.028505696850814
4.122512041271766
4.328205724352502
4.243947251615195
4.393875869162412
4.3622195919563795
4.195730633981289
4.069387223992633
3.871706914028394
4.114512896795508
3.88811193496325
3.9112669321137075
4.005807435387565
4.172114230169395
4.034626655464307
4.065265188319794
4.068336624611001
4.306116818507325
4.270732466887581
4.232825963883926
4.276808686531577
4.295642506053717
3.975159180414867
3.7843996388349326
4.028785991324173
4.0645313198967825
3.9121801429043614
3.944242419688321
4.039216430507144
4.193716741529312
4.171966882573918
4.13314268796455
4.138661161478433
4.303562284703433
4.302796490876237
4.320811619527739
4.295901795231699
3.9583647627017573
4.002677513858661
3.9261656726559666
4.120648361584075
3.9206247646880974
3.9668606006266125
4.043902940950081
4.143130269974007
4.056065636788455
4.030465627703049
4.107954746040901
4.345237787241056
4.275129499193842
4.30089762601425
4.347502992683213
4.350969233027025
4.062342152553506
3.8382993786506594
4.096222476052367
4.051175078615703
3.8671818984278077
3.9805973526629033
4.365133359453563
4.2263615552281255
4.19426736918039
4.1764637693874365
4.393637499081878
4.318906065559621
4.404437469864885
4.409164691226824
4.315691350233748
3.9340705757518535
3.9645063901024504
3.8729071778360753
4.113264216306899
3.9984296166328326
3.9619881910021166
3.9493111461504546
4.070592284047154
3.9680954868835667
4.164165251578211
4.302418345464612
4.292406382917211
4.329576004678662
4.47668713578998
4.403019292185479
4.195581929978614
4.091167616780085
3.919169927409968
4.204609126099831
3.9607273271050647
4.014075404769203
4.078680547771326
4.302008117491942
4.154406382606433
4.190873841569072
4.150872439411969
4.394248236985833
4.370886326738971
4.318856130654393
4.411276970385376
4.412042736459742
4.140273842250888
3.9332449830532306
4.204427361811387
4.237445186425888
4.066473867243251
4.0752244767669366
4.159688853905529
4.340608048592477
4.319443042621961
4.2634283323523245
4.287893605084179
4.4196638512866535
4.404559818291927
4.454125291706974
4.419789657019815
4.040814661288075
4.0896784442959095
4.135283707468971
4.307114264715498
4.077365516084232
4.111849048779388
4.158165532458009
4.253441870177784
4.171505809373092
4.1537789726680066
4.214207874866111
4.462804446358001
4.397638966765674
4.319270198542799
4.441069125681595
4.445044889645886
4.2167710494848665
3.9447923240600273
