0.0
0.5535275055580658
1.019758863284889
1.3725989360375712
1.68751607502469
1.7966665316832255
1.8813032432915842
1.9341670521771197
1.9811863692438012
2.0337656579800187
2.108921238857762
2.1439678844833514
2.2226916492675683
2.1467353809601026
2.0778899973910523
2.170661648490734
2.3193250632987077
2.55658888152352
2.658066071557531
2.714488947047042
2.701586931464353
2.6310564693613787
2.581994475438468
2.67540729281886
2.8287999626677838
2.9596278235763878
2.8951743347494894
2.817859784402637
2.817964424551675
2.8884593644681016
3.039034592079919
3.2159451531356478
3.3772364686503344
3.347937334233962
3.1869827525634777
3.1680800356581607
3.1362960643592634
3.1865957359416592
3.2641313945474226
3.2702459279536753
3.2978706797964352
3.273945372648193
3.305733591427949
3.2990260754039853
3.430436525112546
3.6168478811742433
3.679083872616856
3.673819959175464
3.677490066403142
3.723392058228209
3.799279463400013
3.8291748291178225
3.8517344092204397
3.8099356394306807
3.8174803056641626
3.817260011881983
3.8082216799772937
3.848463007095
3.9440437691941876
4.00420080531677
4.00767969680137
4.076430408348426
4.121899936869141
4.172166586065583
4.158346095799731
4.108286500971166
4.0786891885719605
4.124189197521452
4.165472246623284
4.226043143471473
4.22735578098389
4.267497630285828
4.388524999595376
4.4631736935680495
4.45966194471816
4.561435813712391
4.645114619102382
4.590060405423716
4.60973895708629
4.550326285205298
4.529748006182527
4.5747658507391495
4.554650176132709
4.605181633832873
4.646423302161694
4.721032789750394
4.708621230524048
4.7969997731309935
4.853298177109293
4.913228774461082
4.812634407135208
4.852866598226412
4.828196124055244
4.7368887396398724
4.7473460937144925
4.7651450904120995
4.804073285854252
4.891700684842132
4.905945615348288
4.978172397149301
4.999552962491548
5.052729988340785
5.067083094161126
5.082038637986784
5.036749557357191
4.9867402360074635
4.937336893566437
4.919546534462614
4.920653776486294
4.9097767455748444
5.042641784516357
5.137852999750801
5.2605150654369055
5.304829093364338
5.324097111508197
5.335449257790503
5.271822722786563
5.255264849316106
5.222565697919144
5.1781563205473455
5.173382535600844
5.136256523597509
5.188404024802602
5.227286242522045
5.309631811050486
5.401623954650309
5.501218121960045
5.511814488724214
5.573137060224282
5.568468451956673
5.5171186319801215
5.4192588867771
5.374468593992326
5.385555559133422
5.325786493419553
5.349305940112462
5.428899252351864
5.534118634018728
5.598220850596807
5.7117989655672305
5.711911093597392
5.802945360956022
5.68791742269546
5.648712490197715
5.499053512225024
5.464529426739262
5.404045256327657
5.434427840190143
5.500915585634502
5.618863919656472
5.657293731072469
5.7650007551871525
5.697775738556512
5.814574653464276
5.826098111046272
5.765294721423395
5.746140424589843
5.609391641038859
5.5869102436919
5.56069204484251
5.550213355834401
5.723057271879268
5.831931763524632
5.88680551857881
5.936673099815672
5.921271299201313
5.97256530358822
5.967107467419853
5.9378708092492465
5.9478851261748
5.88562165169231
5.821241007950934
5.712719057579455
5.712494873385874
5.796930995535483
5.915156979378963
5.988243399201353
5.983675291757715
6.019631741339079
5.989215229833004
6.06941130927679
6.086354720059403
6.017001858314865
5.979605664663662
5.885742941745889
5.81455657173168
5.871871970073531
5.98278649413783
6.059283058639196
6.124357546901063
6.17664341137526
6.205455972567496
6.166830180200915
6.161652774393385
6.15845674342278
6.144061324294594
6.073150294369267
6.071624213097428
6.049313985914494
6.079266942816306
6.1581846696421
6.255919846754357
6.360720888465546
6.330648537182482
6.368995061320273
6.35458510473609
6.340950526698919
6.374743252669773
6.264847670387941
6.2010970052156145
6.182827451788872
6.14950199049522
6.161773850991103
6.271561862167885
6.340048975963923
6.43412344643474
6.497927274129431
6.510904674665923
6.577549133300995
6.537039328133025
6.497104346679861
6.465673006814448
6.335976226985673
6.300694939377445
6.3152459223523945
6.360134016697351
6.406864440765399
6.495498366326084
6.610152417794006
6.656157922082531
6.709823016463376
6.714642079828728
6.658281503092293
6.6314173591914365
6.646203890573948
6.590213146051659
6.5807355545849715
6.5408484593713565
6.560723071487296
6.587745010387509
6.6279483345122445
6.748236600029647
6.788256246565841
6.8194201377374855
6.823352479709808
6.728130794798239
6.697684515105853
6.659695159760501
6.670953369782204
6.649323994319112
6.660780429350593
6.680299378100348
6.660116730127651
6.754023518464073
6.868890475326495
6.887001179968786
6.958563217588496
6.90743797727549
6.899947734200544
6.8329602819519595
6.846851236421697
6.853388089303271
6.894838536781785
6.833929226351638
6.872811350908162
6.9511627337573625
6.978912050688701
7.0358388539559735
7.07391925901662
7.058255242296465
7.0164736929868035
7.006722408655785
6.971197243214554
6.97401451647879
7.007126917695376
7.024012821827679
6.983577609541566
7.024295678552804
7.070776690503162
7.075169777747687
7.120511513336376
7.125589857160085
7.0999748120216895
7.069181679461545
7.065971456940582
7.049497419970204
7.1217686634774235
7.12693676861815
7.107724937289064
7.150040913240752
7.172128472057316
7.225555191721018
7.235609846555357
7.254320776985616
7.258362613907209
7.255370818113109
7.283889229789009
7.270942499340803
7.187827759646998
7.168395451537132
7.169978288762784
7.228464119445397
7.224200773860328
7.293000299071352
7.359419226403792
7.3489624069887896
7.307549807648319
7.297075720955341
7.329432679730587
7.309184970158722
7.328322110512767
7.351236975470339
7.285509296723372
7.257703456763451
7.27411057233983
7.325595366277342
7.3372585590857025
7.385896498380412
7.402944102288646
7.436936732805092
7.431498126597209
7.40946245856628
7.401661261769335
7.439360817977705
7.469290517977383
7.4197498918900875
7.378790635441969
7.394898842214164
7.4682753045969745
7.407898310800545
7.4812875548531
7.499994254332811
7.513204565228477
7.460140214414705
7.464923576969744
7.468543759940111
7.49201166371158
7.537375254504844
7.458067739619119
7.492643194886056
7.499794709608379
7.517013608019253
7.502314333997177
7.521892416672393
7.494551411528873
7.528871600595009
7.560850799956114
7.540234220918827
7.525999063516291
7.560103552661637
7.573138571334745
7.571657504850472
7.616869677810421
7.5931193279170355
7.628128225129735
7.645968519516624
7.659321663214262
7.653145039269646
7.638170540350643
7.67072386300314
7.681240603351073
7.642481637735333
7.623203826924762
7.637271801873937
7.6573852658283545
7.694201522886657
7.628549273528431
7.613216942459643
7.740477936847074
7.717630609855947
7.697831226917952
7.708504378167959
7.73262674608711
7.733180419455673
7.758740921635961
7.7145502896738165
7.685387391806709
7.696185473685258
7.755072007790167
7.776768035693157
7.763787645628473
7.729290414601766
7.735048015572681
7.75235718675297
7.8019009957319785
7.7531828856720635
7.802486742401795
7.765306226049061
7.787923688412372
7.77937630530374
7.801786697854301
7.859304379676316
7.884586256378143
7.851445017274636
7.862358108521629
7.858386968129442
7.915614392990473
8.008886717665096
7.972465772142322
7.893346589593522
7.923137430567899
7.84780654750757
7.86444378869673
7.872851552442523
7.969639951945107
7.939441926199223
7.9675474924435585
7.891398194770592
7.866942982570909
7.967697174616144
7.972908044841792
7.986671508805403
8.013573925404998
7.968440830230788
7.990669769294327
7.992213598415048
8.049126636568294
8.118308267225332
8.113898139600513
8.129972083528614
8.058428073688734
8.095917824227845
8.131387246717454
8.171014426728616
8.118184683120177
8.147308429696583
8.087182608388915
8.055861543440994
8.069033447831567
8.061029320288311
8.057620239583326
8.151608817919827
8.090658674711907
8.117172790044927
8.182018362949268
8.212513448430771
8.273854587542917
8.257231801005707
8.230597794294756
8.163621930668173
8.169762682763627
8.18175413991193
8.195364184160324
8.159969933758719
8.191282575638757
8.134474364716336
8.232609239764475
8.253764396762492
8.362191152162602
8.422246973751621
8.361410354393488
8.336206963413053
8.273464657118062
8.298322403073474
8.277203084482478
8.27461357635127
8.215000254140628
8.26367081077502
8.247078661156506
8.271679947870366
8.361305769922406
8.449182804300246
8.506735211694018
8.495436470039765
8.472851996012194
8.454673141873261
8.44717246096184
8.37189916773321
8.40454732062419
8.332634381031912
8.374683729609773
8.363717207610167
8.45656342411295
8.460884201866172
8.533624086139659
8.60482234044522
8.568015300099397
8.502076945895954
8.498818180791151
8.507433626458383
8.5443324810521
8.470026050304082
8.475722578094826
8.447231511617996
8.44835565016632
8.491511781783245
8.469588386297406
8.584541225339292
8.629101712585072
8.548230148195348
8.492052674800442
8.549903222566552
8.518861603047384
8.558871712711367
8.545721476860423
8.530726089455158
8.469140329930903
8.557240642788061
8.559000386911036
8.647447644894395
8.690304693023448
8.73786591906095
8.624815628785383
8.601954935724544
8.660842586861348
8.638429277750195
8.67784357745729
8.67052914492934
8.605567209684356
8.56662921694316
8.603797937416198
8.611878231427148
8.634807567931457
8.65121813264374
8.708448662957426
8.697818336131622
8.707142779105183
8.745798190685074
8.765576582457697
8.839088327113485
8.787276056466993
8.76119115819261
8.728791780154049
8.703071184000752
8.734186904917644
8.76199640356809
8.794256541335658
8.824134884747759
8.826330963793941
8.798485587825137
8.826084629572874
8.841154227068916
8.953070216460665
8.859953928155772
8.849169762277048
8.803953326585122
8.76305485679951
8.808361567197327
8.873632330611484
8.88082739377448
8.909525159573935
8.857260473912115
8.82939541432059
8.902739594305404
8.980152044312895
8.969369321139254
8.916750809103563
8.801847057853985
8.86299982235308
8.831034147401127
8.878309045330003
8.94721855411459
8.996366980086195
8.96708971490246
8.937662180528754
8.932432457336073
8.908726974821578
8.976224689843443
9.054150957247058
8.94882407163494
8.90255838471261
8.906552430150565
8.822794351688037
8.86778566092618
8.927225502641932
8.91392949020998
8.934946291377528
8.935532626441779
8.898912563612935
8.887018309006383
8.944756056068067
8.944825884318393
8.990265029693584
8.962833363090231
8.953161648014493
8.841110394223774
8.964383105508038
8.976170977125012
9.042185098417026
9.023917559138168
9.020439561182819
9.002286040037557
9.005865012945948
8.992516528871576
8.97191956728154
9.047962645647504
8.975066030906197
9.024737323492342
8.99821657159319
9.023492475255724
9.028214499340923
9.059887231481007
9.073547583091543
9.044488832150144
9.094767375784292
9.092999180277987
9.116987334784737
9.194552163779953
9.19073887598369
9.151265189502878
9.149739630666113
9.121328341522144
9.111603044492561
9.118441286154937
9.146833377966782
9.123567096119602
9.109957156432351
9.097748313118581
9.08295602622908
9.182270516908662
9.21549424616195
9.196228400543204
9.265789974470527
9.230045602907937
9.207320547505454
9.255535806086096
9.214987096431491
9.230711573866449
9.206719981158795
9.199656473309291
9.26453848961508
9.271027893244536
9.37415384854458
9.347397932493099
9.377813554143074
9.363871931682192
9.332664706168169
9.337927177351798
9.366270235500645
9.36107432297804
9.296924977078211
9.256001159958739
9.317241219225327
9.402068565166518
9.388187781101669
9.45508080739882
9.383693984474856
9.435471246122676
9.467812001530717
9.371435584865642
9.417500892616667
9.396858597129787
9.402631533787323
9.366804597807104
9.379119680709385
9.370417839910994
9.417626298069031
9.399550723489693
9.440619033434826
9.425550277542216
9.42458210932001
9.404829917229648
9.368963434525497
9.4107360965402
9.430329090749828
9.417550215357444
9.395912496438756
9.381769919016323
9.374644944587423
9.428822026427632
9.47283265642464
9.468845947142286
9.490790692584367
9.489887953511694
9.514636339168923
9.54181968802681
9.533203775552684
9.521787493414536
9.5202346166828
9.504625643724026
9.461040389402651
9.481531625879468
9.466688312080784
9.53719374502536
9.468514486620412
9.523491920662666
9.499657367273734
9.536372150530365
9.516571939152975
9.567566553934054
9.568927788329358
9.59406943173705
9.542910699279174
9.520614758627174
9.534755155912311
9.553704828289098
9.61443974793016
9.557122423591908
9.645955126870167
9.584653122730366
9.5978944959429
9.653603128695242
9.632231652118396
9.606719657423914
9.651458732722276
9.661856882179066
9.634989883422792
9.633964334816651
9.662923392009297
9.661143448413972
9.639552147092683
9.68787340566977
9.67019749431741
9.638977319393847
9.643381089772458
9.632325692459773
9.644965901595766
9.709099900612351
9.701037362778823
9.667624899829327
9.705830670445437
9.725243998689168
9.73029955266897
9.75600570404081
9.783197339764003
9.72025010359901
9.757599870367489
9.748721520954518
9.7182004285081
9.77837384835159
