0.0
0.5284306162832945
1.0308543224159872
1.1597771750367374
1.1110658718384507
1.064919703038465
1.0670952831295546
1.1228624909387188
1.318004887711013
1.5285003907285164
1.5002281098192236
1.2934028840229617
1.4464812456556024
1.4817792196248132
1.412931652503972
1.574406077990048
1.7218981863313625
1.5430535667976066
1.5178823892948374
1.6608376125571702
1.5851784499425614
1.7328217662621659
1.8889338275950354
1.7586986717274427
1.6190903036198936
1.680627126041003
1.6943770632935533
1.8400414673293972
2.1086197272898
2.2356450833798713
1.9680368734109366
1.9141587471671844
1.902538902860995
1.9504764098509955
2.1855793715351437
2.4132379794706726
2.2449700108317914
2.105171706373027
2.1450167187871614
2.128359360774798
2.255437894557233
2.5727612801562
2.6524472237739003
2.3399323851799227
2.260293867282572
2.3252598929639965
2.3117052413302424
2.5740442024353323
2.816121519065247
2.6313156550814276
2.3961586070875174
2.3644431627295694
2.364679375309822
2.543264470763603
2.9103460140330717
2.9170129813154957
2.56103416227278
2.445222228010915
2.512632507299244
2.60536401637732
2.9668152498493954
3.1476204206165703
2.936267588978525
2.6724888349648963
2.7505277583878938
2.7650654116619946
2.9518540771800117
3.19714462730097
3.1853006875442276
2.838148350150011
2.8456403948357316
2.894737772868786
3.0045030084248516
3.2722189780693185
3.4762310421073064
3.2481555190375726
3.0708991080362873
3.1138169780728004
3.2190060270675986
3.362523304896081
3.55052452460847
3.3989862152921884
3.2421534969070587
3.1548579182624783
3.313090986523518
3.4736112910963244
3.5323274285834234
3.5903084716302023
3.4665746876772374
3.255066634844121
3.3273362594109734
3.4697666814433554
3.6098496241658458
3.748621818270413
3.63934009885474
3.3817586244806255
3.2908143866283384
3.5314955674804724
3.6701583002784246
3.8194587653381333
3.8317824485693035
3.6473682103253937
3.5653885667971417
3.639293677113473
3.7867219481542853
3.8580623900258004
3.9343392765082266
3.833651134503843
3.6737872426999982
3.7337468963285736
3.910206343227031
3.8597848796738954
4.075353772525876
4.134902319729169
3.840324449415659
3.7882089217424584
3.922267331307424
4.0006039295454565
4.0349288194915855
4.193720873393448
4.028667527070593
3.8989512841791027
3.8515709501320385
3.9333480607873232
4.129841444546895
4.3123206514345185
4.30131939222078
4.13209247138154
3.9699590692754483
4.024613095280906
4.113417666345154
4.317161369939758
4.471230489854729
4.346669759309078
4.146183772551284
4.11525148862661
4.265475406774994
4.293506551791419
4.550293825662505
4.449902290130992
4.339950279631652
4.190157441441172
4.241194991534294
4.432075371569647
4.566468652266643
4.724747092540884
4.58521696059253
4.403156123589972
4.384462250978699
4.521354826590947
4.605913703685792
4.817525619268133
4.796174834385273
4.638525508625601
4.403160949852896
4.597623883240961
4.710357223155641
4.855435514841721
4.989368517347242
4.856702091830736
4.6592713151758565
4.6135990610162265
4.768871166177588
4.904067366534561
5.126455377497176
5.062360180467919
4.770790921909414
4.7305817756797
4.767877415608992
4.936822894585386
5.09201154699252
5.137358442716422
4.9924858255995
4.824093118605789
4.721617980092326
4.939877087362579
5.088200192124699
5.2925674529489
5.138074580914878
4.956031004508007
4.736894179583243
4.917825388519539
5.0545498827779145
5.237767449499309
5.302520194473166
5.122478992098759
4.823279339806653
4.863420237557435
4.972672168208914
5.195546682644056
5.525666113370856
5.4553137076579015
5.15617982104553
4.926894172180756
5.11353683405146
5.306195166990038
5.616890870871398
5.662135736982531
5.407876541432523
5.109638321162366
5.132588518125881
5.280242654482362
5.557334290082626
5.832483711497147
5.680190215450073
5.39389965401958
5.219034417672952
5.329281304146423
5.419617920376719
5.784330988803167
5.842179941746142
5.578697630604876
5.219001577613769
5.348393608383815
5.5175866236759115
5.714482200962005
5.961101654642132
5.836375912045397
5.610470508513994
5.382765618237699
5.517878506198921
5.719870451220005
5.935680470417152
5.907509237694527
5.781211989194222
5.41463298617669
5.449847163960376
5.654227974182357
5.935679942478729
6.12356286648045
6.056681200365886
5.743911723466076
5.609930231804983
5.759129282178506
5.9131797771660075
6.207446605091656
6.190973050507527
6.015821622466579
5.697220689085449
5.879232734991047
5.992038358275279
6.275894511968951
6.461349713520989
6.279541749417776
6.025430609346334
5.93244474448521
6.0938718883219165
6.3156129138765245
6.502574181514071
6.433071511671897
6.137284698335213
5.930965189975296
6.074703214823279
6.1895929999012544
6.401200634964869
6.569118227075048
6.3187686641148035
6.076291840761957
5.965874962820926
6.311649747133928
6.420771762248189
6.634441923920144
6.631275927318639
6.273321985181903
6.0703917143086485
6.326398139232172
6.40882506085679
6.5505773335941715
6.597893938076885
6.396684460593872
6.263109171950527
6.252319627838609
6.41042603879074
6.520180531992704
6.62960653052017
6.545506728903071
6.43456302549552
6.201308822728715
6.472075011191226
6.535923225956413
6.6231021892182005
6.713344114500807
6.5290578988437025
6.277419294044601
6.363934035307465
6.493430638375969
6.54527319407896
6.677863529384982
6.73108366835163
6.534286754643128
6.482414077954255
6.641089486741659
6.654959231145809
6.825987775630155
6.822008686909071
6.6655377420898425
6.606380224986806
6.6150540343598
6.667278234476821
6.8347587942059524
6.993938860048106
6.871945851404169
6.765914830646057
6.645305759858186
6.754892969794184
6.896394679494469
7.115925995687959
7.123842178231221
6.983463168948547
6.899271471443579
6.766599754673416
6.944031294859783
7.173291986774746
7.297377951470411
7.177173191927406
7.008464359467831
6.8150990243179415
7.063654241599229
7.172940044638038
7.457869052298566
7.498089586012668
7.350353322736636
7.1279660105245775
7.099082262934022
7.2490795770355785
7.309751134282003
7.424140721051218
7.297359253752708
7.054156458998396
6.930391201669015
7.0832483286572785
7.225958835028757
7.426777902381551
7.467771288175759
7.307500127292561
7.076712637922328
7.1091948739647615
7.247335801853028
7.379071395714543
7.474609634370124
7.442463957388369
7.250687161578653
7.09360751113833
7.238201446604368
7.385062318647307
7.542793310637201
7.500300712254571
7.395372350170443
7.1112871951435395
7.218211948451858
7.407981240702672
7.5016487478037375
7.634642978037117
7.499591496687118
7.3455956580570465
7.247985266474513
7.280554707444633
7.510553754631876
7.643795450580018
7.527125581284983
7.4717506727903
7.168949354283947
7.280523979591337
7.489925282114462
7.601430035150079
7.561502724051555
7.583226394700747
7.402768776887985
7.306376889223017
7.514815584787668
7.666477503997527
7.727566785788901
7.681919886332016
7.370118690473576
7.477598595275259
7.547351020646387
7.7013248358296
7.779922932150336
7.766591850853482
7.535179891822883
7.511362806594217
7.530861699826127
7.660023294549613
7.876186742865836
7.853984701665106
7.746164240439805
7.531136146779954
7.67577653590819
7.662738785755173
7.748859757034697
7.846852971737793
7.843390372318894
7.524441429860327
7.492467672997859
7.482982856405608
7.605353650008581
7.785089637571214
7.747673239109669
7.61598781176466
7.562379917741424
7.48758073271089
7.599302292010572
7.766267278054914
7.83645577083786
7.625193354450611
7.658703078171052
7.433973230063429
7.542504029724065
7.732462197179153
7.7798032209349115
7.794661774823734
7.651028983903389
7.563507775420517
7.464426612589678
7.680305129941132
7.764948212725507
7.945521492733261
7.807296560451194
7.602874970803335
7.5664074724565555
7.74650698834374
7.868410764261031
7.993046959156178
8.012082075175329
7.913205451245417
7.653858065831304
7.780816522272505
7.939564335521654
8.040017964145923
8.081606798547588
8.05880478991921
7.959205066759127
7.814020961659654
7.929192787445231
7.858752099797005
7.950879625821339
8.175240748562533
8.128766509718213
8.0637819704831
7.982548100772255
7.877881502896355
7.95629761143376
8.316224879454605
8.360236375088313
8.103359547369424
8.00784082338141
7.89115395991466
8.08784902540552
8.338838426998862
8.493327071406695
8.386857648857776
8.20624020234337
8.014805899920487
7.998463661241516
8.23731115532857
8.506026285018013
8.516227831115732
8.226421249245675
8.024199083959292
7.972675078409179
8.167486094718626
8.435392121368398
8.54381312989956
8.428698282556033
8.0696585879737
7.854350361282385
8.041603175831618
8.366170019431864
8.57832592230317
8.632323258620147
8.37184476031828
8.091439111557337
8.244142188473791
8.402518307353521
8.6269716257714
8.697201583195818
8.601593206976379
8.434486397006985
8.23478937133024
8.471287030173093
8.61939895740579
8.751072560109241
8.639275991933694
8.486068230649577
8.113429513469281
8.442641512202199
8.57585422941576
8.727365529050248
8.736143637835596
8.592197595666864
8.367356325373072
8.45058808251448
8.597626343430534
8.742083690539525
8.814398896925047
8.762392673055606
8.668386943150947
8.429584272943137
8.592786761758472
8.72358377047805
8.876947779748438
8.789559108426422
8.787001479809254
8.3826836667515
8.633813210661078
8.736720812385785
8.868768580341932
8.869071860680373
8.77452589600066
8.599460417858323
8.558669274720438
8.649782294863533
8.773889939670944
8.815463127468643
8.751798417378097
8.66655024306822
8.424109832017523
8.630968014844038
8.749638183984336
8.89020673602176
8.894483883420973
8.81196921694178
8.414750168443408
8.653892860267938
8.811457776169627
8.916508029144634
8.974024095057107
8.943625637854607
8.624970261987931
8.61217576969941
8.762807657660638
8.879975363043513
8.963605967474281
8.964614113650523
8.720407222411882
8.61233015334297
8.727461072664306
8.850819968438591
9.031896871702672
9.07982211859618
8.724454201953446
8.568213196678565
8.727384584768915
8.881568911253416
8.94279149796074
9.03943730400059
8.815354351391859
8.557020978228667
8.771578481955196
8.827979931304814
8.9610186296574
9.044973336586143
8.941980871150385
8.703532888936103
8.84849974183567
8.820508782703921
8.95479676095187
9.04124900506051
8.926283734432086
8.631713941354883
8.88189957766258
8.925141912504511
8.995389672144444
9.005256258353116
8.962448241519462
8.674871654071826
8.968839553985559
9.036489255803128
9.077622040062057
9.056066304676774
8.955019498021747
8.742655901798594
9.015595122350788
9.056956142478992
9.017541926749109
8.991184657323958
8.907233034740871
8.686758365081396
8.891830210248047
9.026457069132173
9.11964056719029
9.170542662182264
8.848147410280058
8.591192441145138
8.812758036996387
9.143789733308644
9.172317764108932
9.199609242097287
8.912278667224095
8.623254767057121
8.798464497507979
9.143037888764152
9.157525564333813
9.074588515932357
9.010583373701722
8.707279374633059
8.819896345341569
9.089952477157192
9.111209193324393
9.08365752322786
9.086379080070456
8.905110154627618
8.781327377962059
9.03220669450744
9.079075428336917
9.099852308135295
8.993262263124306
8.960096928161425
8.76376526094613
8.881187763561464
8.990278756955586
9.013784911266699
8.960382955888225
8.7936891466289
8.71362858372605
8.795665081476232
8.933266404229105
9.086598056977016
8.994886650192974
8.93817323240772
8.625755621455077
8.67689559471477
8.836819508288745
8.98764973038368
8.927511183052184
8.840008472805101
8.538697345955015
8.67103708768495
8.802509855460592
8.945460801035175
8.917964308563633
8.87639414667188
8.72732793049176
8.564001411068654
8.78428770341565
8.936093854867115
9.092196867434442
9.009356711132968
8.89600954103425
8.608416271400074
8.694822848712136
8.827912550377336
9.10342531675311
9.078383126852554
8.969654475676203
8.497208373251157
8.572019409410174
8.817009938582197
9.03114823964401
8.961053526898086
9.051393045523765
8.618531921415348
8.708949486221197
8.849876916611064
9.047950472496757
8.996963866173399
9.023271669389336
8.80690669631544
8.63966001345152
8.654748885813524
8.84764813758384
9.129766442916669
9.195060308421242
8.984850677687934
8.625655635322362
8.693632562452972
8.798765056780866
9.115445708502707
9.148686601472246
9.139509880444653
8.582171376336664
8.64682828632124
8.83298462506797
9.034313030212086
9.110584659945998
9.202416138117723
8.721684223193172
8.815454579741637
8.795150036509146
8.94680945686172
9.046309545272841
9.137903378207964
8.764720003136961
8.766122040481815
8.905135970875298
8.958033462326133
9.095597189074368
9.215428059805305
8.997294783025524
8.754673600417947
8.844935708567291
8.85799919558033
9.095133095260612
9.187650792432173
9.045393268807256
8.747192905599244
8.788368968991199
8.918271795609064
9.004909898217441
9.127863516768956
9.049372099902024
8.808364881692222
8.813864026697306
9.011481341043524
8.957796222828765
9.068603208045158
9.096324802900142
8.929920574693332
8.769179631208388
8.869622331540786
8.861428674538805
9.09274055532446
9.084143176949171
8.824254757076309
8.885866381641861
9.00994701449144
8.885769214441327
9.07854251885449
9.19739999086487
9.071243774588986
