0.34548486685856433
0.4581812358934002
0.47687560993762973
0.26497923205224844
0.5694868337791889
0.3366949279142895
0.5274837889717147
-0.3424159479601741
0.7734364745696445
0.3633713770990384
-0.27319408713599247
0.820504285410686
0.7984164908493352
0.29832488017137854
-0.4283774092213876
0.630737261893153
-0.6715350048056219
-0.4129012102105782
-0.5648956667955638
0.759959556060907
0.8313238931874646
0.7235309562876752
0.7552142012099188
0.582358394852377
0.8548751968853902
0.6966222629613619
-0.7534933006820859
0.2581595024933243
0.5884315260308622
0.07401965572126393
0.16797842896378545
-0.2531016692654651
0.5720254534189438
-0.22433657964732667
-0.0803423550548658
-0.6797942800376614
-0.6223132297008914
-0.4310025021637034
-0.13283168216029476
0.5572490966043683
-0.47065413486674085
-0.5124417290187575
-0.015204071190221543
0.05815186016059595
-0.12294399356802489
-0.598131390621527
0.3450031363726211
-0.8094693749070646
-0.8193201237990784
-0.8362991872568275
-0.7170290390591513
-0.7893836219819201
-0.7977053950568836
-0.7239044184513062
0.2915485367133444
0.06998449703247078
-0.7408249809388803
-0.7969547836817826
-0.6621607034755063
-0.7098599987078208
-0.6584771492522293
-0.6150904237955002
-0.6144960191957103
-0.25114291773419756
0.3336912427254075
0.7867930583568669
-0.01159731527377595
-0.6300249307775162
-0.6806984420954946
-0.32626490913294576
0.17566001346399396
-0.19457201492579737
-0.21964393922126343
-0.4976460211323352
-0.5896680126504861
-0.5033395706895618
0.352807974578976
0.10726520883296531
0.14021330801318088
-0.3270354216050388
-0.05654339347161348
-0.46006971428105825
-0.5783330414688655
-0.3130171741052439
-0.08403694263209988
-0.3550029477331985
-0.5905280845209135
0.020031037645915156
0.30632060934340544
0.2613005790676361
-0.3454740714430697
-0.803762714301605
0.2231669747604494
-0.251680219828958
-0.31829396969008455
0.08694434339592329
-0.2613870549378545
0.26785680282563085
-0.07090271206807389
0.9043911437576017
0.9498021956435723
-0.09150181690363017
-0.14297261677512557
0.049234620081769896
-0.18910886355308915
0.16188146773285372
0.09136683044641929
-0.3369460018801126
-0.45141068658532785
-0.430887588789175
0.019879033600955255
-0.5471774805313945
-0.6040919331430912
0.09741079745936297
-0.10186442975206135
0.3168848269113454
0.990323795965853
0.6264938994935756
0.23052610062802723
-0.08274098782196498
0.2301506230515623
-0.6157463835242285
-0.4232186520738239
-0.7114085905128025
-0.25041811961477617
-0.22595486125037362
-0.36349407891216334
-0.673062307983934
0.7560001070469843
0.21387846167111754
0.5313358969963164
-0.3700006916351544
-0.5336066925929173
0.4848370754929356
-0.45594842458979107
-0.5379813366531971
-0.44629766774993984
-0.4270186137888993
-0.5971872211469148
-0.3029794359093528
0.8445819131557847
0.8704380047434825
-0.7020818967994429
-0.6480294309984623
-0.21967835727340373
-0.28773683663092015
-0.44675676895151667
0.08852359261559213
0.12553512791213794
0.017416048037872726
-0.03045306313454598
-0.4810814910732048
-0.4398682902714701
0.9204338284677384
0.8197613335139639
-0.46316095810518515
-0.6136258594275527
-0.15174031156161566
-0.20786218298500367
-0.16047656404263516
-0.7585315050656726
0.45270176870241857
-0.629487197422561
-0.5809458212432533
0.9376804460891157
-0.59404882492007
-0.46239232271007186
-0.48980871156906064
0.9100704894429656
-0.7339661480153954
-0.1979993592035592
0.11287226572388687
-0.6373951727614129
-0.5292254581832673
-0.3313728915669186
0.8612044151691219
-0.3205753738993248
-0.47646582158046713
-0.20412420249530716
-0.26553012766754003
0.8915590056206741
0.8670187405227443
-0.661882058162178
-0.7922394346051191
0.8012371326413807
0.9126449490643316
-0.27182035327760445
0.18765444915447788
0.06681104530285317
-0.3302939786823467
0.5677603474447281
0.9444341447922889
0.8387980881988738
-0.2257238507502535
-0.3639032917516402
-0.4206559274293401
-0.3807832419202969
0.3744650008464775
0.295283303442568
0.36494453367352214
0.8661376438747053
0.9408702224421581
0.9530683225809878
0.918130087120206
-0.7223629054605188
0.10323762588828839
-0.3634507356318766
0.3879246804730512
0.11618472784460225
0.6779179604980973
-0.649849258140856
-0.7100287600183927
-0.4970484720397915
-0.6982294493070984
0.8263560972275179
-0.25815733144353015
0.029809625497553664
-0.1770258188305192
-0.3725454929609854
0.21728203268200358
0.14576355702259416
-0.264305063032478
-0.7203248151285633
0.9143579595035113
1.0
0.706191799079962
0.7771595515570969
-0.2986077682464098
-0.364856928379703
-0.3875381302348648
-0.2219948463694828
-0.285740701649195
-0.573507254654458
-0.7157398972137454
0.8843482991294057
-0.7673987240411264
-0.655806196421127
0.8280233285283743
0.45449735701388455
0.658264212642278
0.7615846414422437
-0.0596405099749458
-0.01323190323696757
0.7145659982158978
0.7187729890669383
0.32306368749233855
0.6130505811778648
0.11111762090225771
-0.5876365805793797
-0.6634757574645783
-0.15433404337251397
-0.3548507120627252
-0.5228011892818518
-0.6184644339980185
0.5087461618753318
-0.7068743885975824
-0.5964899822816165
-0.32576749992321324
-0.18346936929292432
-0.3413559799718202
-0.1661777165502039
0.8545472039442201
0.18284174616898938
-0.3563196752001765
-0.07808373338148075
0.7310191028594774
0.7175904302105781
-0.2884520855648176
-0.014992914261119143
0.07099436405527484
-0.21644025903275427
-0.08587027571783609
0.7498069592844471
0.7727489002055491
0.778376889085701
-0.30676831914551533
-0.02203019514331399
0.5794119252593708
0.12506081380150663
-0.5280717456844289
-0.4334333916703972
0.809005059861111
0.804737561615858
0.7413597248756547
0.8356125753230111
0.9616986392066352
0.7947788264711673
0.8497067670844324
0.8610464591423503
0.8645510293026772
-0.22681163309506885
-0.250800796522045
0.5970186771459319
0.3641134143894123
0.6862472906812332
0.5970081635190604
0.7811001482764158
0.8305268074299039
-0.0038896132048894757
-0.07014376161181589
0.9670086717740601
0.9344246208865928
-0.4123819972583088
-0.1442576052585942
0.8793227015771435
0.8768868275118684
-0.5371869694828184
0.697555307875309
0.42427725805333943
0.5262183086407641
0.7207846524698819
-0.5741849370889018
-0.16222969413548036
0.11746497056449876
-0.10437741238127331
0.0562772810557524
-0.07117376597663698
0.8499276988865517
0.7471254818744604
0.8998320535289495
0.8597927513789149
0.8799971134953829
0.3303823609414334
0.5799984134085676
-0.34433654126741836
-0.44920815967255995
-0.3422331772951552
-0.5061011306628066
0.9166261584513977
0.9005077026657671
-0.17831982622473155
0.3045848878253737
0.8912164762652333
0.8209505663514557
0.011342042404147368
-0.6846584208775669
0.7335827105422622
-0.7340945765119263
0.8761133035517036
0.3400094719070434
0.8877868778770329
0.5906974356597178
0.7953394210004849
0.7243981484335114
-0.1133330569446286
0.3555915876793085
0.6513725778498723
0.6644761331066984
0.5103532501444222
-0.6957624785138218
-0.5603493182459658
0.8572485567119651
0.7104591020515204
0.6891999208958448
0.17826046905837123
-0.5698301034520238
-0.6826193549994063
-0.3469856589164738
-0.5295733085714925
0.7873643477197129
0.9126162035002069
-0.2491947939963968
-0.16994694791747597
0.2133103760374573
-0.5413631155169046
-0.23081452298850264
0.24317433791110102
0.1923856381479115
0.48410349996997837
-0.1823995093905295
-0.6166367401363068
-0.5574831970772428
-0.35160042461786484
0.8889300711262123
0.7895126874175001
0.8248456187187755
0.6633338177867247
-0.4494213485611969
0.21648844630097716
0.7771729646233249
-0.2983982537347996
-0.15168883928992352
-0.5259094466051455
-0.0038825437325147654
-0.2811839482965495
-0.5457385412091057
-0.46344290952127537
-0.4468459365166783
-0.44472584144064387
-0.6106753769385502
-0.6379357073789719
-0.48016224382000194
0.4663047966795864
0.7155491297463186
0.27875768677788376
0.7423352260886451
0.411570435834748
0.6256008317156061
0.7253897226442924
0.6052001894011396
-0.5905111102199799
-0.30027070237927767
-0.5639568201830748
-0.09437591905847112
-0.16453812662263803
0.8487049795761034
-0.5147164135481208
-0.33778916399045766
0.6332375973310987
-0.23953775279077358
-0.5731479535647528
-0.4337922716820159
-0.6330411721861695
-0.599465692745053
0.5685139224043434
0.29004110617897794
0.7573020240804897
0.6351320291233336
-0.4103681115363024
-0.3347462974772509
0.7657566462643645
-0.24013136802170099
-0.5581205308687527
-0.1906933370680928
-0.12307488824116948
-0.27105782117221205
0.43161179880967343
-0.5151287677162757
-0.14890078936347861
-0.7768146477901539
-0.5453556950933819
-0.3025526033228132
-0.5251457156381159
-0.3572589047735226
-0.19241738471795164
-0.6426685670457238
-0.6456511902955515
-0.6413604365861765
-0.6926366250705205
-0.7115177671540065
0.049257933443486585
0.06000996497749495
0.32524172597597745
-0.7235828699193751
-0.7520979541575029
-0.6733202003710668
-0.29380120575895385
-0.33709389449892646
-0.1440247143688462
-0.17141577063864658
-0.06233973822042107
-0.11347230858514717
-0.021197275715822556
0.13318706788316084
-0.10823801811288677
-0.6367273212291283
-0.6986267004499428
-0.6690952131885463
-0.7658479504554437
-0.04514527754014902
0.00040041521016228725
-0.7724345859189315
-0.6870369833609884
-0.19931854940410446
-0.3862652194054557
-0.7515272110810864
-0.6972908038672203
-0.8030887868601058
-0.42348968236764023
-0.5486866007145798
-0.6879386595770134
-0.7106658530943926
-0.6906301876653846
-0.8363963074771416
0.1764518634085473
0.19696727921059967
-0.5738311449039963
0.22882237701404365
-0.46723039079277484
-0.619707860236249
-0.754625902301853
-0.6259333116606467
-0.5694347961388714
-0.3741433068256995
-0.642297903499644
0.07339246454052385
0.057333052629818824
-0.6971557190338195
0.38320795710323396
-0.7549831538833479
0.6177136692717768
-0.7797295333854178
-0.8774284310203593
-0.7175859109083215
-0.6249039639586561
-0.6165179288799987
-0.6836854544591415
-0.8214315040587276
-0.7531089833625354
-0.8378796815532265
0.5964008892380755
0.9036984820400258
0.360983362702253
0.36253460043817415
0.16212419445748477
0.3282277409773181
-0.16980583869207247
-0.19975885671470167
-0.6851126930692539
-0.4993953171580048
-0.5113716022099779
-0.6210454490703051
-0.786287837148668
0.05897244180690324
-0.7394649943782995
-0.595495104179794
-0.8662124714848968
0.2681164083409164
0.5369669699112802
0.7777640766326456
-0.6065040104144296
-0.3282385297160359
-0.47760025055097666
-0.7535993320175165
-0.4409582188687292
0.9187976485849023
0.7057936769610367
0.3233224879875424
0.8462671045284584
0.2907246739422945
0.03354151899692833
-0.3000782711653903
-0.3766823634306264
0.6557802702146843
0.6076104299343771
0.5456391137755328
0.5285141867120156
-0.7771147675221634
-0.7967417551266998
-0.5660441069230226
-0.7642344726593048
-0.5873705653413845
-0.12869421379199586
0.6807148355170409
0.5904063537871501
0.7812335145454665
0.4771010982575797
0.48352500356944883
0.4952278320317579
0.4688908228258834
0.622168191927653
0.5694627530087976
0.5393301407685035
0.7109172311684997
0.658391411993363
-0.6168722332003278
-0.5659080884019099
-0.4500990157333114
-0.6193051610460188
-0.4399282978844307
-0.3403874732282567
0.7887783710365488
0.6510922035261476
-0.5189015984620865
-0.10348409911708106
0.1907911130427838
0.16649720233205906
0.2861302047730922
-0.36878006028105936
0.2676332895877942
-0.0757615338578119
0.5449818028418395
0.11434755672498399
0.38087028026312275
0.558898469260289
0.4517510722534305
0.5783881787085201
0.34788921152443764
0.9319234739646416
0.16347165801722588
-0.3654751283357208
0.6749810391335276
0.5221817143922313
0.43364691322919713
0.3879870435517598
0.19201949958469475
0.40022056244025556
0.5457630418934942
0.5845725013058597
0.662687548687245
0.3839029010724136
0.5962213084292596
-0.3181986855382804
0.14306671359568154
0.9785820444406781
0.37493706510760266
0.1760749794488373
0.34544101652671505
-0.30246123149462484
-0.2345508809727764
-0.4113524307212217
-0.09132224557502018
-0.4759516878393783
0.25939923235413126
0.3400711545073854
0.7904548503262908
-0.2681414684246002
0.12423324888273142
0.4298646898831558
0.4846722397792672
-0.5504319713642752
-0.19756048689408118
0.0034227412963695907
-0.02527230132648523
0.3907143944313553
0.5351372363655622
0.4540233330989474
0.7358724818580689
0.6960996541499552
0.22502340105876467
-0.015558226881294596
-0.013379959805329624
-0.3012234130572046
0.3428069373868128
0.18057678678420178
0.2640001027972923
-0.07542116397367803
0.2593789577091223
0.13945095773191737
0.14728359888973264
0.3820394964804524
0.39400192019631436
0.3180083208830545
0.230037680295856
-0.13720266432350792
-0.12696213363618022
-0.0063845626074434695
-0.06280553523058313
0.06280188478056525
-0.27007233334736297
-0.32884860697283774
-0.20844617607964203
-0.32558282991525117
-0.315208892167354
-0.28009836663247545
-0.40295793996236046
0.1095275749142383
-0.14595559023404245
0.09006720350065607
-0.3520719750433555
-0.3725522259079366
-0.2730638561265752
-0.3175126291767996
-0.3623865003014096
-0.32153616161753973
-0.0942077533301048
-0.36074450884009523
-0.33577563605551874
-0.04407541658800139
0.7618632634502113
0.7364356864949805
0.5791138490026999
0.3905100055634867
-0.07859708777424983
-0.10074598746746023
-0.5993109986315175
-0.8303082852156094
-0.5091638995312514
-0.720238514275609
-0.7744459606499736
-0.12507376272158252
0.8102618892250008
0.3119724855005039
0.6591373258469226
0.29383860482741203
