-0.7164165910855248
-0.6948971008813907
-0.6992972960937925
-0.732950114141672
-0.6647552206060411
-0.44909169512994573
-0.7177338746168812
-0.12802192789539826
-0.19675429401122224
-0.06157695702311922
-0.05552201136107236
-0.19917552339555175
-0.2482149443473499
-0.06158307610134589
-0.058509818411716034
-0.06400766315310943
-0.05047365402072144
-0.05998111208661344
-0.034985468056987254
-0.5303250173465816
-0.41192687891837315
-0.5702487477507836
-0.49045931204373366
-0.26088225835342566
-0.19549664204402373
-0.18613250797356384
-0.02489253294283758
-0.19718571271664695
-0.23462488370776838
0.05051086504640054
-0.16028873096698
-0.21702087447244403
-0.1825385546361282
-0.07223375404360706
0.27730053536590377
-0.01481797737445044
0.004249406761658452
0.0013362547772342917
0.05201485392994439
0.023174453479920892
0.038988700738619625
0.07050369423571606
0.082725917240394
0.3018061741081962
0.32481537320363146
0.10612609146683027
0.043413269816009986
0.44037157598558324
0.42867098593947367
0.4160102421224042
0.4425767487087674
0.4116816540836342
0.3918291907988594
0.3971598990600615
0.097035182589131
0.19158352083036867
0.37391488333116596
0.3937607119831595
0.3138721668159401
0.31759613029126416
0.43292940776737787
0.4238275264547904
0.41901837192791613
0.17874717702902318
0.07563269682921402
0.03946276167795799
0.11592848680121659
0.21629037868249842
0.08791808265868767
-0.008203558555598513
0.2948795584504336
0.3927356978620763
0.4363947710029142
0.4123043974552871
0.40461137374512524
0.39512054631204546
0.12415112335602113
0.2794925337131508
0.25444071608150604
0.3874731142989499
0.39071594138497145
0.23370851470768603
0.22068550225619935
0.4476180718124659
0.25032656551420723
0.649326450934075
0.36286252994325274
-0.017584548271714417
0.05955373291857578
0.18571288045050807
0.3575184349321413
0.1491874831198315
-0.13727735209017242
0.3323711562854405
0.316961979740771
0.3729203833990342
0.6118855788429737
0.09641780444361626
0.3158633014125593
-0.21581796054805005
-0.24770207042593015
0.26467690177905356
0.3641489036438948
0.32745415303792386
-0.05824216016285814
0.2312000930922228
0.2129952003221355
0.3623661118008744
0.3596864015491945
0.3561113203232267
0.19390309073943696
0.3520805105383216
0.32609713172058524
0.2916244883351983
0.277889778460999
0.24763786887833303
-0.2805572216031559
-0.3281795608863599
-0.23012801278443898
-0.35069084381896715
-0.33716296687283887
0.3240206234789995
0.31758731632734005
0.29728655280283595
0.7530898156171457
0.79440655785687
0.8158064443088912
0.2747334556975202
-0.3754173388944136
-0.02978015379828232
-0.17631026376993672
0.27434040215122846
0.24313162227873078
-0.132684538144186
0.8441910854469024
0.875926032786735
0.8403734678017485
0.8350419317534197
0.9547088091028062
0.23419560648296978
-0.40787832925510664
-0.36943526864869736
0.23265533911027095
0.14240187868569926
0.5490762630675718
0.7757879364807719
0.8891086630944885
0.13048978255156918
0.10870042067227877
0.1659385750212974
0.16175122566188124
0.9566582673657585
0.9142017768485369
-0.45797659960486886
-0.4698657102174567
0.1846163188118855
0.1735054831945243
0.24913656417360291
0.7832514212136521
0.6899737377825205
0.01696562542181784
-0.18076808874090503
0.15693883331533387
0.1028500497807969
-0.37758569664466546
0.979682386286733
0.8361424922764482
0.8778254852683819
-0.493953691435642
0.004601044723139359
0.37627712688247866
0.1521637028408462
1.0
0.9552780360286031
0.06558475017433829
-0.3868052763614467
0.7557594035241045
0.8709528062545939
0.5850747806396283
0.37192788622288253
-0.3944859057526144
-0.4268912932134804
0.026531156969529728
-0.017232055643631918
-0.5041875860988807
-0.525952953526425
-0.07704620074575866
-0.01724969056541116
0.12076439840948708
0.6888831871539781
-0.293595653121161
-0.495407358604607
-0.4484899334272749
-0.16879530095270737
0.12699298526137176
0.7671199778754964
0.8381368233386667
-0.17265041066245784
-0.17070194380970577
-0.4852894222531375
-0.5072941375107816
-0.5419201630166096
-0.5422723048049104
-0.5652178833680697
-0.06949669494289644
-0.21181512279408388
-0.25625664384501784
-0.42085896608273304
-0.33181478491985017
-0.3726121005938709
-0.15443308517259996
-0.1295546467231049
-0.1818533182117129
-0.13457898647563182
-0.5107415122498004
0.12039439780706387
0.0513043932095447
0.6275757683981149
0.7098631695151254
-0.25128381298823665
-0.1691789816940365
-0.21367936212047942
-0.17065047371103045
-0.5348430789110851
-0.5302602196992992
-0.3916713279064517
-0.4360736058488291
0.544546144038598
0.5997095295685296
0.11269779333942796
0.067602434412204
0.18776849061224887
-0.20554568608230214
-0.19193085293488502
-0.5902824528264837
-0.19176686766326995
-0.17802344561027666
-0.5177238201574857
-0.3349509557399155
-0.4218918879269619
-0.45955066090717606
-0.0812090228156726
-0.0005252545160422728
-0.3689833189340764
-0.4364164290607656
-0.3634451757123959
-0.16198540839876183
-0.15460745410194057
-0.16114186518122295
-0.18997946233243368
0.020095352172902956
0.3819168094077892
0.2598481044488054
-0.1606380593271235
-0.4068039593442027
-0.1336328933823056
-0.21440136706410054
0.47360063255000223
0.24943475897566378
0.25125297402826513
0.529734890711558
-0.1642164999578329
-0.14882058969096568
-0.22478791507762394
-0.2129635221393014
-0.48954090940862766
-0.4784476566959274
0.39471898429258445
-0.22535960564991386
-0.22790341698513333
0.3506096314023808
0.023942997469079654
-0.3495795221519987
-0.5166155211926803
-0.4967717715956417
0.14372262484697668
0.0314062450759797
-0.3814029063607918
-0.11266047877049748
-0.16005515487485913
-0.10204735134373236
-0.529004375724156
-0.5558545849994143
-0.5307632973608989
-0.5753249990567766
-0.5509354346854419
-0.33182106342546414
-0.5042045271940426
-0.58195666462933
-0.5452972482525014
0.19488873464568074
0.291903711435472
-0.22812179751865758
-0.2290145569863665
-0.2265946240923115
-0.21105575634559057
-0.46318850067008593
-0.5920423874592258
-0.02581529356126723
0.0681472521707231
-0.526341685370265
-0.49924668263025707
-0.20013518862809596
-0.19454263556900894
-0.5009521148698244
-0.5008994444421881
-0.071697539487187
-0.22037446691060653
-0.18400769495584163
-0.19508262567563348
-0.20601304455273417
-0.15769901819640858
-0.013449716536935339
-0.18080954147966974
0.12370290740279433
-0.08309267246030265
0.10760776518789264
-0.4874988815377054
-0.4825483197297379
-0.48534324758322955
-0.44236483763686646
-0.35228665898866157
-0.09604331707504199
-0.09259516537459407
0.2061253230744318
0.23801932908205894
0.15703876883839007
0.2128095581731613
-0.45158770380303237
-0.44363375083564277
0.08617024710202824
0.05252325248119581
-0.3040557074999831
-0.30981803498649374
-0.1638220444221626
-0.013879215394841668
-0.18529691764997885
0.10598722329985533
-0.4656927685219549
-0.271468379854939
-0.39367973905727144
-0.2486622593700545
-0.33937726791317485
-0.44949290036871625
0.07957800513208912
-0.13116272652437866
-0.1589260657316216
-0.1679359807871044
-0.15867066820415462
0.09622418719765356
0.1448380976593606
-0.42449941895237897
-0.13400590479205166
-0.15472263300459665
-0.15344107794241063
-0.1340051875778149
0.0471010674424906
0.17017429837298784
0.19258580782674714
-0.09949110758293975
-0.07907837540369778
0.1537986334704664
0.2055650034014915
-0.14301700569040984
-0.04937929942686292
-0.12374995238185824
0.1686025509975595
0.1770995554999724
0.020424350485317627
-0.1090654119046826
0.036461289019807615
0.20715744560011218
0.2297502575089513
-0.45424282825725015
-0.4336264230682168
-0.45056057325857
-0.27161057557084
0.24717841040352379
-0.10391715711527663
-0.057986225657587896
0.00411950683744812
0.06568734885423412
-0.05451667250400758
-0.05031724957171996
0.0924609422598667
0.1124658019109739
0.11101108440841621
0.12950672369063987
0.021375863335076496
0.13417642397253696
0.06736807904506317
0.12615748221394538
-0.0816101562805717
-0.1346072795487713
0.26947972363207073
0.28197231555992514
0.02506097252647009
-0.19917424976862982
-0.4351332925149447
0.04222580578017403
0.200539756879543
0.2533736992158116
-0.08086471353985462
0.2678078750132024
0.288687351724356
0.28589171379302614
-0.07067152403396226
0.07827236385954807
0.03678654783773243
0.26272065438050723
0.0952151843470398
0.20625315279875242
0.1958409327247569
0.1159814807290439
-0.00897245816330992
-0.036008433675883016
-0.1462970253290337
-0.1468004769010925
0.21061080290430292
0.24166815061254462
-0.14937164760952484
0.10795469712063267
0.1087057492347452
0.2692182325080201
0.2800656635776547
-0.11232970172140555
-0.1280534815398019
-0.1197895952602529
0.29986046186219883
0.12175634455809312
-0.10922976533562231
-0.09909589443331518
-0.13291782079101033
-0.11391376393356283
0.02434641101369588
-0.0751600409599411
-0.10788008315981919
-0.08929687929934299
-0.14946050677297304
-0.1444851808114143
0.18994400113932897
0.2827796209313007
0.2758952196437133
-0.1597493644536297
0.13476083199772387
0.20240315686889412
0.2035758415053036
0.2698383899176477
0.26773499119892247
0.271351923897813
0.32225072474227273
0.28939403325036267
0.30037561599460405
0.33615554393576064
0.24978736978623844
-0.11392798701179017
-0.12989825917952114
-0.19221395166577762
-0.16399755043677486
0.32590416443245185
0.3555796437997632
-0.15431502096306118
0.16680421703897758
0.07805007239728325
0.20685045792408743
0.1316930371597518
0.12864791638018117
-0.2731841972837924
0.08540386679374896
0.1172246816893929
0.08769456923973955
0.15354468412972502
0.15920359144389196
-0.1738850762189728
0.36620121942687983
0.38352442659251285
0.12780043927295454
0.3650042989603773
0.10543704914443924
0.08085216108154912
0.08597641090691087
0.14135915497742904
0.12106250586322742
-0.05387118782714745
0.07769110415272078
0.2511019375957734
0.2826635742998577
0.1586193913600243
0.18339664521565058
0.16356956219573587
0.22882418309381064
-0.28343684664143437
-0.2920978217078505
0.16015010014060643
0.18466763839072692
0.16150409543296812
-0.188016680648484
0.07843986179173562
-0.2562222035061696
-0.3048698447471241
0.3444024445214797
0.2650557211341097
0.41245562531207147
0.397257618587239
-0.06509590301672405
0.020873285994645715
0.21362796273004356
0.22354755051772285
0.20182016374319753
0.20504864935997244
-0.21277898833947193
-0.18251896344065235
-0.23848936868201379
0.2075031731755416
-0.18646955927379738
-0.25102378142042553
-0.1911461782597974
0.2646371793240315
0.43183294547593476
0.44203602438006817
0.11343933755878478
-0.28439117315663603
-0.2305390277984968
0.18313523300502282
0.2442313508020604
0.28381517445121146
0.368165973951098
0.39906345339345334
0.4452143515796006
0.1513706173461417
0.29063580142083145
0.25243303311273463
0.20079916771766926
-0.17126221051390417
-0.1231129626364403
0.17711824447057084
0.07498250029029323
-0.31878110842776153
-0.31131046109163124
-0.3458087467669775
-0.3062054850807888
-0.33417746392008774
0.32008159109919077
-0.2641875111988173
-0.16667163561956494
-0.20154697638151442
-0.21205164390562461
-0.23779656284134346
0.25319161402559404
0.15911549483794366
0.3118149751612913
-0.02412388331304909
-0.041836925227409553
-0.1339700015716962
-0.1984265774991989
-0.38930867503938527
0.15301337423630684
0.0943024863294654
0.1907622111099496
-0.034264539827861366
-0.3862891739423985
-0.2561326938919822
-0.2504277662426098
0.020815131007114435
-0.17674614348113776
0.39520212887698486
0.3998766625707808
0.31556325401441665
0.3966041990959048
0.39881928530346317
0.40801367353003015
-0.24161190592600423
0.1506622311536555
-0.004581666976999399
-0.20832246594377346
-0.2874439333588391
-0.2052343567145353
0.35183562930064166
0.339456580294807
0.17712004606099746
0.40930239630942417
-0.2773148036235663
-0.26292702440389326
-0.201715906295732
-0.12940374927669437
-0.07186726487211097
-0.2686748117373629
-0.27016662788940093
-0.28834818295793324
-0.19611008860205367
0.3795382377962071
0.4014016219440422
0.268897539872939
0.06988272770957908
0.19903340982320347
-0.28518553196798635
-0.10073297352151421
-0.13331945391071806
0.41345323574600307
-0.40989511870024814
-0.4163320930276231
-0.4193763616764275
-0.4191489402819292
-0.4320501607163308
-0.42266712526802586
0.050827251943219166
-0.4251379324820888
-0.07757127572731005
-0.20241858580128427
-0.12035813152071594
0.41098738645380994
0.35270354861397846
-0.027433124022447825
-0.08755651770832258
-0.3020857147364067
-0.28837722991714604
-0.08724519646738621
-0.1415201697285397
-0.006935615298004128
-0.017822614116656286
0.1940564764783661
0.007132233121749171
-0.01955516857561777
-0.285998546150116
-0.28672102665966837
-0.09623592953276075
-0.11090650024809952
0.0670763774909872
0.05859834345899407
0.022914157510010795
-0.3074469588104965
-0.2978660283442386
-0.309980036969945
-0.3190444386085383
-0.14412355054323442
-0.18327147273065975
0.020638973728590745
-0.28209817663503867
-0.3122221290757242
0.01433116186465178
0.015437735197466414
-0.09481146069905215
-0.02566185017984182
-0.17510386137447378
-0.0051554867233255825
-0.021274134628877225
-0.32048249832380465
-0.24537077228470539
-0.3172137844708022
0.014115726760167507
-0.0066168933577196816
-0.2372541160508998
-0.20428280098942422
-0.25061976565599015
-0.2275409828755338
-0.2967043805650019
-0.26788351852576164
0.009078211811747412
-0.43192002243610134
-0.17010721204497484
-0.18201216478649096
-0.2945521711670555
-0.36430569586383554
0.09917572746506527
0.11804041525358483
0.08726210344593816
-0.1740513561038061
0.17432988283583786
0.1825914777235049
0.26559875173232744
-0.07542010888128031
-0.37836374718183713
-0.06300693928955951
-0.6197334090381118
-0.7353374480970795
